0 0.025879 0.385817 0.010742 0.033654
0 0.071289 0.371394 0.025391 0.033654
0 0.137695 0.384615 0.027344 0.031250
0 0.188477 0.370793 0.031250 0.044471
0 0.256836 0.365385 0.021484 0.031250
0 0.307617 0.375601 0.023438 0.039663
0 0.264648 0.334736 0.019531 0.027644
0 0.289062 0.343149 0.021484 0.025240
0 0.337891 0.408053 0.031250 0.046875
0 0.354004 0.325721 0.024414 0.036058
0 0.326660 0.338341 0.020508 0.030048
0 0.344238 0.273438 0.022461 0.025240
0 0.454590 0.154447 0.053711 0.092548
0 0.551270 0.259014 0.018555 0.030048
0 0.595215 0.332933 0.024414 0.033654
0 0.660156 0.322716 0.023438 0.037260
0 0.691895 0.322716 0.030273 0.046875
0 0.621582 0.379207 0.038086 0.058894
0 0.701172 0.375000 0.035156 0.050481
0 0.759277 0.384014 0.040039 0.056490
0 0.760742 0.321514 0.033203 0.044471
0 0.788086 0.376803 0.029297 0.054087
0 0.881348 0.362380 0.041992 0.061298
0 0.878906 0.308894 0.037109 0.045673
