0 0.041504 0.292318 0.032227 0.053385
0 0.166992 0.290365 0.033203 0.057292
0 0.046875 0.373698 0.041016 0.062500
0 0.115723 0.442708 0.036133 0.070312
0 0.204102 0.310547 0.029297 0.048177
0 0.205078 0.438151 0.052734 0.087240
0 0.256348 0.370443 0.032227 0.053385
0 0.262695 0.456380 0.048828 0.066406
0 0.304688 0.507161 0.044922 0.069010
0 0.333984 0.407552 0.031250 0.054688
0 0.372559 0.400391 0.047852 0.076823
0 0.417480 0.298828 0.032227 0.045573
0 0.439941 0.393229 0.053711 0.104167
0 0.457520 0.490234 0.051758 0.097656
0 0.529297 0.432292 0.041016 0.057292
0 0.559082 0.445964 0.040039 0.045573
0 0.585938 0.410156 0.042969 0.062500
0 0.621582 0.495443 0.043945 0.058594
0 0.642578 0.416667 0.039062 0.065104
0 0.697754 0.430990 0.036133 0.054688
0 0.723633 0.486328 0.037109 0.069010
0 0.762695 0.469401 0.033203 0.058594
0 0.824219 0.406250 0.041016 0.070312
0 0.849121 0.412109 0.030273 0.063802
0 0.895508 0.391276 0.037109 0.058594
0 0.889648 0.443359 0.037109 0.058594
0 0.808594 0.501302 0.042969 0.070312
0 0.888184 0.514974 0.043945 0.069010
0 0.928223 0.429688 0.024414 0.044271
0 0.948730 0.509766 0.038086 0.058594
