0 0.020996 0.434896 0.043945 0.085938
0 0.061523 0.419922 0.044922 0.089844
0 0.060547 0.368490 0.042969 0.080729
0 0.087402 0.399089 0.030273 0.048177
0 0.119141 0.380859 0.035156 0.053385
0 0.154297 0.387370 0.031250 0.050781
0 0.197754 0.386068 0.040039 0.074219
0 0.386230 0.231771 0.075195 0.135417
0 0.734375 0.427734 0.025391 0.037760
0 0.824707 0.466146 0.020508 0.036458
0 0.858887 0.451172 0.020508 0.029948
0 0.900391 0.426432 0.025391 0.037760
0 0.869141 0.445312 0.011719 0.023438
0 0.651855 0.104167 0.014648 0.028646
0 0.802734 0.145833 0.011719 0.020833
