0 0.276367 0.119327 0.044922 0.089312
0 0.027344 0.752562 0.029297 0.055637
0 0.076172 0.720351 0.033203 0.064422
0 0.134766 0.765739 0.027344 0.049780
0 0.139160 0.748170 0.020508 0.043924
0 0.203125 0.726940 0.019531 0.036603
0 0.529785 0.549048 0.012695 0.026354
0 0.571777 0.557833 0.014648 0.029283
0 0.521973 0.730600 0.022461 0.043924
0 0.539551 0.711567 0.022461 0.046852
0 0.542969 0.737921 0.029297 0.064422
0 0.594727 0.713031 0.037109 0.073206
0 0.701172 0.706442 0.027344 0.057101
0 0.772949 0.730600 0.026367 0.055637
