0 0.797363 0.244853 0.030273 0.069118
0 0.937012 0.605147 0.030273 0.060294
0 0.994629 0.552941 0.010742 0.038235
0 0.739746 0.599265 0.030273 0.066176
0 0.762695 0.575000 0.019531 0.035294
0 0.776855 0.554412 0.018555 0.038235
0 0.770020 0.522059 0.014648 0.029412
0 0.705566 0.570588 0.016602 0.052941
0 0.722656 0.545588 0.013672 0.029412
0 0.646973 0.584559 0.032227 0.072059
0 0.610352 0.537500 0.017578 0.039706
0 0.656250 0.535294 0.021484 0.044118
0 0.587891 0.652206 0.033203 0.069118
0 0.565918 0.600735 0.026367 0.045588
0 0.539062 0.622794 0.029297 0.060294
0 0.523438 0.567647 0.027344 0.050000
0 0.507812 0.595588 0.025391 0.055882
0 0.535645 0.550000 0.022461 0.044118
0 0.557617 0.566912 0.019531 0.039706
0 0.468262 0.530147 0.016602 0.036765
0 0.481445 0.647059 0.039062 0.073529
0 0.443359 0.570588 0.023438 0.050000
0 0.473145 0.555147 0.022461 0.054412
0 0.375977 0.525735 0.021484 0.033824
0 0.395508 0.581618 0.021484 0.042647
0 0.421387 0.655147 0.030273 0.069118
0 0.383789 0.627941 0.027344 0.058824
0 0.350098 0.610294 0.030273 0.064706
0 0.331543 0.666912 0.032227 0.072059
0 0.313965 0.614706 0.030273 0.067647
0 0.267090 0.627941 0.028320 0.058824
0 0.286133 0.513971 0.019531 0.039706
0 0.337891 0.590441 0.027344 0.063235
0 0.185547 0.533088 0.019531 0.039706
0 0.208496 0.552941 0.026367 0.047059
0 0.258301 0.580882 0.028320 0.058824
0 0.218262 0.516912 0.014648 0.036765
0 0.161621 0.529412 0.016602 0.041176
0 0.136719 0.554412 0.029297 0.061765
0 0.177246 0.616912 0.024414 0.069118
0 0.217285 0.615441 0.032227 0.066176
0 0.234863 0.680147 0.036133 0.089706
0 0.119141 0.672059 0.039062 0.061765
0 0.033691 0.640441 0.041992 0.089706
0 0.077148 0.602941 0.035156 0.061765
0 0.008789 0.546324 0.015625 0.039706
0 0.093262 0.546324 0.024414 0.060294
0 0.110352 0.587500 0.023438 0.060294
