0 0.014648 0.425220 0.023438 0.052786
0 0.033691 0.433284 0.030273 0.068915
0 0.121094 0.345308 0.013672 0.042522
0 0.120605 0.436217 0.032227 0.063050
0 0.145996 0.423021 0.036133 0.068915
0 0.221680 0.409824 0.033203 0.068915
0 0.252930 0.318182 0.025391 0.043988
0 0.275879 0.418622 0.030273 0.057185
0 0.308594 0.355572 0.029297 0.054252
0 0.312012 0.330645 0.026367 0.054252
0 0.486328 0.167155 0.052734 0.120235
0 0.525391 0.242669 0.009766 0.024927
0 0.628418 0.164956 0.040039 0.107038
0 0.605957 0.285924 0.018555 0.055718
0 0.508789 0.354839 0.025391 0.061584
0 0.537598 0.401026 0.036133 0.068915
0 0.565918 0.365103 0.032227 0.067449
0 0.549316 0.461877 0.036133 0.076246
0 0.592773 0.432551 0.035156 0.073314
0 0.808594 0.342375 0.039062 0.080645
0 0.809570 0.304985 0.033203 0.064516
0 0.895996 0.413490 0.018555 0.052786
0 0.929688 0.335777 0.033203 0.067449
0 0.965820 0.312317 0.033203 0.058651
0 0.970703 0.439883 0.037109 0.070381
0 0.095215 0.434018 0.020508 0.052786
