0 0.022461 0.143196 0.033203 0.064873
0 0.115723 0.213608 0.026367 0.056962
0 0.138184 0.239715 0.030273 0.061709
0 0.220703 0.189082 0.033203 0.071203
0 0.268066 0.175633 0.040039 0.063291
0 0.297852 0.241297 0.031250 0.068038
0 0.356445 0.221519 0.029297 0.066456
0 0.402832 0.220728 0.032227 0.068038
0 0.477539 0.144778 0.033203 0.061709
0 0.541992 0.189082 0.033203 0.071203
0 0.662598 0.135285 0.034180 0.074367
0 0.592773 0.278481 0.035156 0.072785
0 0.714844 0.205696 0.039062 0.072785
0 0.767578 0.216772 0.041016 0.082278
0 0.842773 0.310127 0.033203 0.063291
0 0.929688 0.330696 0.035156 0.079114
