0 0.282227 0.229167 0.037109 0.070312
0 0.367188 0.234375 0.041016 0.070312
0 0.293457 0.358073 0.047852 0.078125
0 0.295410 0.470052 0.045898 0.083333
0 0.405762 0.467448 0.040039 0.062500
0 0.529785 0.550781 0.043945 0.078125
0 0.599121 0.555339 0.041992 0.071615
0 0.478516 0.174479 0.039062 0.067708
0 0.542969 0.212240 0.039062 0.070312
0 0.601562 0.180990 0.037109 0.065104
0 0.698242 0.465495 0.037109 0.063802
0 0.771484 0.440755 0.035156 0.061198
0 0.844727 0.453125 0.039062 0.067708
0 0.726562 0.638021 0.050781 0.096354
0 0.685547 0.179036 0.035156 0.063802
0 0.794922 0.207682 0.035156 0.066406
0 0.035156 0.267578 0.007812 0.014323
