0 0.189941 0.270132 0.043945 0.083455
0 0.234863 0.268668 0.024414 0.045388
0 0.331543 0.271596 0.038086 0.092240
0 0.280762 0.269400 0.010742 0.017570
0 0.393066 0.297218 0.038086 0.084919
0 0.429688 0.336018 0.029297 0.065886
0 0.470215 0.372621 0.030273 0.057101
0 0.546875 0.371157 0.035156 0.068814
0 0.596680 0.484627 0.037109 0.067350
0 0.625488 0.367496 0.032227 0.064422
0 0.688965 0.371889 0.034180 0.067350
0 0.698242 0.332357 0.041016 0.067350
0 0.730957 0.218155 0.024414 0.052709
0 0.791992 0.299414 0.041016 0.083455
0 0.883789 0.207174 0.050781 0.086384
