0 0.368164 0.102214 0.027344 0.045573
0 0.373535 0.163411 0.026367 0.050781
0 0.328613 0.177734 0.028320 0.048177
0 0.291992 0.246094 0.037109 0.065104
0 0.328125 0.264323 0.029297 0.046875
0 0.395020 0.234375 0.032227 0.057292
0 0.450684 0.178385 0.022461 0.041667
0 0.495605 0.168620 0.028320 0.048177
0 0.481934 0.224609 0.030273 0.050781
0 0.433105 0.245443 0.040039 0.066406
0 0.565430 0.210286 0.027344 0.045573
0 0.560547 0.180339 0.023438 0.040365
0 0.605957 0.162109 0.024414 0.048177
0 0.638672 0.164062 0.027344 0.052083
0 0.640137 0.234375 0.030273 0.052083
0 0.601074 0.285807 0.026367 0.050781
0 0.674805 0.298828 0.035156 0.063802
0 0.535645 0.326172 0.040039 0.069010
0 0.560059 0.408854 0.040039 0.070312
0 0.665527 0.390625 0.038086 0.062500
0 0.730469 0.380859 0.037109 0.066406
0 0.388672 0.418620 0.037109 0.063802
0 0.209961 0.420573 0.044922 0.083333
0 0.240234 0.291667 0.042969 0.083333
0 0.635742 0.462891 0.042969 0.071615
0 0.753418 0.448568 0.040039 0.071615
0 0.830078 0.442708 0.042969 0.075521
