0 0.145020 0.748401 0.008789 0.025586
0 0.176758 0.746269 0.009766 0.029851
0 0.211914 0.738806 0.009766 0.023454
0 0.248535 0.739872 0.006836 0.021322
0 0.263184 0.742004 0.008789 0.025586
0 0.291992 0.733475 0.007812 0.021322
0 0.339355 0.740938 0.008789 0.023454
0 0.365234 0.728145 0.007812 0.023454
0 0.394531 0.724947 0.007812 0.025586
0 0.444336 0.723881 0.007812 0.023454
0 0.435059 0.716418 0.006836 0.025586
0 0.488281 0.712154 0.007812 0.021322
0 0.502441 0.714286 0.008789 0.029851
0 0.545898 0.714286 0.009766 0.029851
0 0.541992 0.705757 0.007812 0.025586
0 0.569336 0.710021 0.009766 0.029851
0 0.592285 0.720682 0.008789 0.025586
0 0.603027 0.732409 0.008789 0.023454
0 0.632812 0.708955 0.009766 0.023454
0 0.646484 0.710021 0.007812 0.025586
0 0.669434 0.705757 0.010742 0.029851
0 0.713867 0.712154 0.011719 0.038380
0 0.726562 0.691898 0.011719 0.031983
0 0.750000 0.684435 0.011719 0.034115
0 0.779785 0.689765 0.010742 0.027719
