0 0.234863 0.281113 0.040039 0.117130
0 0.508301 0.414348 0.051758 0.096633
0 0.628418 0.379209 0.045898 0.087848
0 0.702637 0.458272 0.040039 0.076135
0 0.300781 0.674231 0.074219 0.139092
0 0.114258 0.721816 0.013672 0.017570
0 0.088867 0.812592 0.015625 0.023426
0 0.141602 0.766471 0.013672 0.021962
0 0.199219 0.778917 0.015625 0.029283
0 0.211914 0.836750 0.015625 0.027818
0 0.174805 0.855051 0.019531 0.029283
0 0.141113 0.818448 0.014648 0.023426
0 0.105957 0.871889 0.022461 0.033675
0 0.106445 0.964129 0.009766 0.016105
0 0.121582 0.952416 0.010742 0.016105
0 0.140625 0.943631 0.009766 0.016105
0 0.155273 0.928990 0.009766 0.016105
0 0.173340 0.923865 0.010742 0.017570
0 0.189941 0.907028 0.010742 0.016105
0 0.206543 0.905564 0.010742 0.016105
0 0.631836 0.769400 0.027344 0.060029
0 0.891602 0.491947 0.085938 0.225476
0 0.844727 0.166179 0.021484 0.045388
0 0.770020 0.852123 0.028320 0.055637
