0 0.018555 0.585227 0.039062 0.089286
0 0.055664 0.561688 0.035156 0.068182
0 0.029785 0.519481 0.040039 0.071429
0 0.064941 0.430195 0.038086 0.074675
0 0.144043 0.179383 0.026367 0.060065
0 0.118164 0.229708 0.023438 0.050325
0 0.204590 0.105519 0.028320 0.058442
0 0.287598 0.126623 0.030273 0.055195
0 0.280762 0.364448 0.110352 0.209416
0 0.403320 0.272727 0.107422 0.198052
0 0.468750 0.375000 0.093750 0.214286
0 0.663086 0.369318 0.025391 0.053571
0 0.732422 0.544643 0.037109 0.086039
0 0.675781 0.495942 0.033203 0.073052
0 0.773926 0.469968 0.028320 0.060065
0 0.754395 0.425325 0.028320 0.061688
0 0.685547 0.411526 0.023438 0.050325
0 0.713867 0.336851 0.027344 0.056818
0 0.787109 0.407468 0.029297 0.055195
0 0.785156 0.367695 0.021484 0.047078
0 0.821289 0.336039 0.025391 0.048701
0 0.858398 0.364448 0.025391 0.050325
0 0.822754 0.478084 0.038086 0.079545
0 0.854980 0.452922 0.028320 0.071429
0 0.831543 0.445617 0.026367 0.066558
0 0.901855 0.413149 0.030273 0.063312
0 0.937012 0.452922 0.026367 0.055195
0 0.958008 0.522727 0.033203 0.064935
0 0.983398 0.394481 0.021484 0.051948
0 0.979492 0.339286 0.021484 0.045455
0 0.918457 0.354708 0.024414 0.050325
0 0.958496 0.401786 0.024414 0.056818
0 0.932129 0.763799 0.092773 0.215909
0 0.872559 0.634740 0.043945 0.094156
0 0.809570 0.600649 0.035156 0.074675
0 0.870117 0.539773 0.033203 0.066558
0 0.911133 0.491883 0.031250 0.068182
0 0.622070 0.474026 0.025391 0.061688
0 0.618164 0.376623 0.027344 0.058442
