0 0.083984 0.343413 0.019531 0.069114
0 0.120605 0.295896 0.024414 0.077754
0 0.176758 0.303456 0.027344 0.079914
0 0.237793 0.303456 0.018555 0.079914
0 0.252441 0.321814 0.022461 0.073434
0 0.301758 0.269978 0.015625 0.069114
0 0.336914 0.282937 0.023438 0.064795
0 0.417480 0.311015 0.020508 0.073434
0 0.452148 0.291577 0.029297 0.077754
0 0.500488 0.191145 0.012695 0.084233
0 0.546875 0.204104 0.017578 0.071274
0 0.645508 0.224622 0.017578 0.073434
0 0.718750 0.258099 0.027344 0.092873
0 0.833008 0.314255 0.029297 0.079914
0 0.764160 0.267819 0.024414 0.095032
0 0.911621 0.220302 0.032227 0.090713
0 0.921875 0.141469 0.033203 0.084233
0 0.338379 0.895248 0.018555 0.053996
