0 0.097168 0.399494 0.036133 0.053097
0 0.137207 0.383059 0.026367 0.040455
0 0.193848 0.408344 0.026367 0.040455
0 0.211426 0.385588 0.020508 0.035398
0 0.250977 0.406448 0.025391 0.034134
0 0.273438 0.400759 0.021484 0.035398
0 0.309082 0.375474 0.020508 0.035398
0 0.316406 0.421618 0.023438 0.041719
0 0.354492 0.386852 0.023438 0.037927
0 0.405273 0.398862 0.023438 0.041719
0 0.415039 0.377370 0.019531 0.031606
0 0.443359 0.402655 0.019531 0.031606
0 0.484863 0.401391 0.018555 0.031606
0 0.522461 0.388748 0.019531 0.029077
0 0.525391 0.425411 0.019531 0.034134
0 0.551270 0.412769 0.018555 0.034134
0 0.554688 0.495575 0.021484 0.035398
0 0.478516 0.493047 0.023438 0.037927
0 0.400391 0.504425 0.023438 0.037927
0 0.301758 0.489886 0.023438 0.039191
0 0.314453 0.542984 0.019531 0.029077
0 0.215332 0.486726 0.026367 0.045512
0 0.103516 0.522756 0.027344 0.044248
0 0.926758 0.518963 0.023438 0.041719
0 0.872559 0.412137 0.024414 0.037927
0 0.851074 0.390013 0.020508 0.034134
0 0.785645 0.408976 0.020508 0.031606
0 0.808594 0.424147 0.023438 0.036662
0 0.824219 0.507585 0.023438 0.041719
0 0.711426 0.383692 0.020508 0.034134
0 0.752930 0.438685 0.019531 0.027813
0 0.713379 0.424147 0.020508 0.034134
0 0.751953 0.508850 0.023438 0.031606
0 0.671387 0.513906 0.020508 0.031606
0 0.666504 0.432996 0.020508 0.039191
0 0.670410 0.402655 0.018555 0.029077
0 0.645020 0.408976 0.016602 0.034134
0 0.627441 0.395702 0.018555 0.032870
0 0.609863 0.418458 0.016602 0.030341
0 0.575684 0.400759 0.020508 0.027813
0 0.603027 0.501264 0.020508 0.034134
