0 0.210938 0.369693 0.062500 0.142020
0 0.449707 0.240117 0.063477 0.146413
0 0.577637 0.368960 0.075195 0.163982
0 0.725098 0.173499 0.040039 0.068814
0 0.746582 0.092972 0.034180 0.065886
0 0.769043 0.115666 0.030273 0.064422
0 0.816895 0.040996 0.030273 0.043924
0 0.511719 0.116398 0.035156 0.068814
0 0.439453 0.088580 0.037109 0.086384
0 0.297852 0.122255 0.035156 0.068814
0 0.208496 0.163982 0.041992 0.073206
0 0.314941 0.051245 0.030273 0.067350
0 0.956055 0.098829 0.035156 0.065886
0 0.330078 0.027818 0.023438 0.046852
