0 0.090820 0.388643 0.033203 0.063422
0 0.171387 0.357670 0.026367 0.051622
0 0.234863 0.338496 0.024414 0.054572
0 0.272949 0.373894 0.024414 0.051622
0 0.342285 0.355457 0.024414 0.047198
0 0.410645 0.348820 0.022461 0.036873
0 0.440918 0.358407 0.022461 0.047198
0 0.508789 0.351770 0.023438 0.039823
0 0.562012 0.356932 0.020508 0.050147
0 0.589844 0.358407 0.023438 0.058997
0 0.622559 0.350295 0.022461 0.051622
0 0.197266 0.535398 0.029297 0.056047
0 0.658691 0.373894 0.024414 0.051622
0 0.593262 0.505900 0.026367 0.056047
0 0.497559 0.489676 0.028320 0.064897
0 0.410645 0.509587 0.028320 0.057522
0 0.295410 0.497788 0.030273 0.057522
0 0.676270 0.344395 0.022461 0.036873
0 0.701172 0.371681 0.023438 0.047198
0 0.730957 0.370944 0.024414 0.054572
0 0.765137 0.353245 0.022461 0.045723
0 0.801758 0.370944 0.025391 0.060472
0 0.863281 0.372419 0.025391 0.051622
0 0.879395 0.519912 0.028320 0.069322
0 0.806152 0.544985 0.028320 0.054572
0 0.691895 0.506637 0.028320 0.054572
