0 0.023926 0.172059 0.014648 0.035294
0 0.052734 0.152941 0.017578 0.044118
0 0.037598 0.226471 0.026367 0.050000
0 0.072266 0.244853 0.023438 0.036765
0 0.062500 0.359559 0.023438 0.036765
0 0.100098 0.334559 0.020508 0.033824
0 0.115723 0.210294 0.024414 0.044118
0 0.092773 0.241912 0.011719 0.022059
0 0.084961 0.231618 0.009766 0.019118
0 0.172363 0.243382 0.020508 0.042647
0 0.213379 0.196324 0.032227 0.104412
0 0.231934 0.202206 0.020508 0.036765
0 0.267090 0.206618 0.024414 0.039706
0 0.300293 0.146324 0.026367 0.048529
0 0.301270 0.233088 0.036133 0.089706
0 0.655762 0.138971 0.024414 0.066176
0 0.869629 0.159559 0.020508 0.048529
0 0.955078 0.127206 0.023438 0.057353
0 0.730957 0.121324 0.014648 0.036765
0 0.561035 0.156618 0.024414 0.045588
0 0.735840 0.201471 0.022461 0.041176
0 0.757324 0.152941 0.020508 0.041176
0 0.792480 0.188971 0.022461 0.039706
0 0.340820 0.147059 0.039062 0.064706
0 0.369141 0.152941 0.017578 0.035294
0 0.336914 0.205147 0.023438 0.039706
0 0.609375 0.178676 0.021484 0.042647
0 0.669922 0.189706 0.019531 0.032353
0 0.683105 0.173529 0.018555 0.047059
0 0.767090 0.217647 0.012695 0.029412
0 0.362305 0.230882 0.019531 0.038235
0 0.400879 0.189706 0.022461 0.041176
0 0.450195 0.136029 0.023438 0.057353
0 0.459961 0.169853 0.019531 0.036765
0 0.506348 0.229412 0.020508 0.041176
0 0.508301 0.180147 0.020508 0.033824
0 0.573730 0.202941 0.018555 0.038235
0 0.711914 0.300000 0.025391 0.044118
0 0.707031 0.142647 0.013672 0.029412
0 0.592773 0.161765 0.017578 0.038235
