0 0.927246 0.500728 0.030273 0.072780
0 0.214355 0.403930 0.059570 0.123726
0 0.398926 0.175400 0.036133 0.071325
0 0.513184 0.174672 0.032227 0.066958
0 0.589355 0.221980 0.024414 0.065502
0 0.458008 0.409753 0.064453 0.184862
0 0.510254 0.411936 0.069336 0.139738
0 0.548828 0.457787 0.037109 0.077147
0 0.686523 0.467249 0.078125 0.163028
0 0.769531 0.494178 0.052734 0.106259
0 0.688477 0.283843 0.023438 0.055313
0 0.759766 0.250364 0.029297 0.066958
0 0.876953 0.291121 0.027344 0.055313
0 0.698730 0.489083 0.065430 0.133916
