0 0.064453 0.077839 0.031250 0.064103
0 0.216797 0.088828 0.035156 0.093407
0 0.502441 0.200549 0.088867 0.181319
0 0.790527 0.211538 0.030273 0.067766
0 0.852051 0.143773 0.032227 0.064103
0 0.931152 0.092491 0.034180 0.075092
0 0.951172 0.446886 0.042969 0.095238
0 0.791016 0.456960 0.037109 0.082418
0 0.485352 0.493590 0.121094 0.316850
0 0.199707 0.448718 0.040039 0.102564
0 0.066406 0.455128 0.052734 0.115385
0 0.047852 0.815018 0.019531 0.058608
0 0.121582 0.812271 0.028320 0.071429
0 0.219238 0.747253 0.024414 0.080586
0 0.518066 0.849817 0.084961 0.219780
0 0.878906 0.798535 0.070312 0.164835
