0 0.933105 0.394092 0.020508 0.041787
0 0.886719 0.384726 0.013672 0.043228
0 0.830566 0.410663 0.016602 0.037464
0 0.739746 0.376081 0.018555 0.037464
0 0.651367 0.386888 0.011719 0.036023
0 0.614258 0.368156 0.011719 0.036023
0 0.601562 0.360231 0.017578 0.037464
0 0.558594 0.381844 0.011719 0.031700
0 0.515625 0.381124 0.011719 0.036023
0 0.487305 0.376081 0.015625 0.034582
0 0.405273 0.355187 0.011719 0.033141
0 0.377441 0.378242 0.016602 0.033141
0 0.329590 0.372478 0.016602 0.033141
0 0.271973 0.379683 0.010742 0.036023
0 0.241699 0.394813 0.016602 0.028818
0 0.183594 0.371037 0.015625 0.033141
0 0.160156 0.376081 0.007812 0.014409
0 0.111816 0.381844 0.012695 0.025937
0 0.045898 0.378963 0.017578 0.028818
0 0.705078 0.402738 0.015625 0.030259
0 0.748047 0.373199 0.017578 0.040346
