0 0.407227 0.344887 0.074219 0.142114
0 0.304688 0.263432 0.025391 0.055459
0 0.453613 0.163778 0.030273 0.067591
0 0.442871 0.081456 0.026367 0.055459
0 0.480957 0.066724 0.012695 0.043328
0 0.374512 0.071057 0.022461 0.055459
0 0.273926 0.059792 0.024414 0.053726
0 0.289062 0.083189 0.013672 0.034662
0 0.242676 0.090121 0.014648 0.045061
0 0.239258 0.048527 0.015625 0.041594
0 0.192383 0.046794 0.021484 0.048527
0 0.121582 0.046794 0.022461 0.045061
0 0.096191 0.050260 0.018555 0.048527
0 0.082031 0.054593 0.023438 0.046794
0 0.006836 0.034662 0.015625 0.055459
0 0.171387 0.059792 0.012695 0.032929
