0 0.414551 0.888021 0.012695 0.041667
0 0.035645 0.585286 0.006836 0.022135
0 0.708984 0.496745 0.005859 0.014323
0 0.699707 0.488281 0.008789 0.018229
0 0.657715 0.486979 0.008789 0.015625
0 0.626465 0.487630 0.006836 0.016927
0 0.573242 0.484375 0.007812 0.015625
0 0.497070 0.483073 0.007812 0.013021
0 0.451660 0.477214 0.008789 0.014323
0 0.409180 0.459635 0.007812 0.015625
0 0.364746 0.466146 0.008789 0.013021
0 0.287109 0.455729 0.007812 0.013021
0 0.335938 0.464844 0.007812 0.015625
0 0.258789 0.450521 0.007812 0.015625
0 0.422363 0.485026 0.006836 0.016927
