0 0.270020 0.035452 0.038086 0.032107
0 0.240234 0.084281 0.050781 0.045485
0 0.165527 0.161538 0.075195 0.071572
0 0.504883 0.091973 0.115234 0.103679
0 0.702148 0.085284 0.107422 0.098328
0 0.509766 0.378930 0.091797 0.074247
0 0.621582 0.390970 0.061523 0.066221
0 0.251465 0.503010 0.040039 0.072241
0 0.400879 0.754515 0.045898 0.041472
0 0.163086 0.808027 0.029297 0.028094
0 0.187988 0.797993 0.020508 0.020067
0 0.245605 0.781271 0.026367 0.024080
0 0.667969 0.793645 0.029297 0.035452
0 0.828613 0.772241 0.034180 0.042140
0 0.916992 0.796656 0.056641 0.040134
0 0.854980 0.185953 0.084961 0.080268
0 0.973633 0.129097 0.050781 0.074916
0 0.299805 0.603679 0.068359 0.052843
0 0.418457 0.577926 0.061523 0.056187
0 0.737305 0.796656 0.031250 0.037458
0 0.712402 0.827090 0.036133 0.032776
0 0.055176 0.804348 0.030273 0.028763
0 0.117188 0.832107 0.023438 0.036120
0 0.442383 0.033779 0.070312 0.062207
0 0.536133 0.785619 0.031250 0.028763
0 0.490234 0.783612 0.039062 0.034114
0 0.983887 0.790635 0.032227 0.028094
