0 0.139648 0.774059 0.082031 0.073919
0 0.447266 0.652371 0.037109 0.027197
0 0.745605 0.638075 0.055664 0.062762
1 0.436035 0.499303 0.284180 0.244073
0 0.820312 0.360181 0.060547 0.063459
0 0.921387 0.066248 0.065430 0.062762
0 0.773438 0.023013 0.031250 0.029289
0 0.548340 0.045676 0.026367 0.023013
0 0.424805 0.144700 0.023438 0.021618
0 0.343262 0.130056 0.028320 0.025802
0 0.301758 0.127964 0.021484 0.020223
0 0.282227 0.139819 0.019531 0.018828
0 0.232910 0.124128 0.024414 0.023710
0 0.177246 0.127964 0.022461 0.018828
0 0.125000 0.143654 0.013672 0.016736
0 0.100586 0.122734 0.017578 0.019526
0 0.094727 0.132497 0.027344 0.022315
0 0.042969 0.130404 0.023438 0.019526
0 0.030762 0.142259 0.020508 0.015342
