0 0.437988 0.162453 0.114258 0.152622
0 0.938965 0.414326 0.090820 0.068352
0 0.893066 0.274813 0.061523 0.066479
0 0.986328 0.281367 0.027344 0.032772
0 0.830566 0.339888 0.020508 0.024345
0 0.803711 0.298689 0.027344 0.029963
0 0.867676 0.311330 0.024414 0.036517
0 0.750977 0.313202 0.023438 0.027154
0 0.707031 0.373127 0.019531 0.023408
0 0.691895 0.324906 0.022461 0.028090
0 0.675293 0.303371 0.022461 0.024345
0 0.727539 0.318820 0.017578 0.021536
0 0.707520 0.316948 0.018555 0.023408
0 0.822754 0.292603 0.018555 0.023408
