0 0.053223 0.835821 0.022461 0.068230
0 0.314941 0.746269 0.020508 0.063966
0 0.322754 0.940299 0.018555 0.068230
0 0.378418 0.849680 0.018555 0.049041
0 0.264648 0.875267 0.013672 0.057569
0 0.348633 0.213220 0.009766 0.034115
0 0.390137 0.205757 0.008789 0.023454
0 0.411621 0.208955 0.008789 0.029851
0 0.418457 0.292111 0.010742 0.038380
0 0.471680 0.371002 0.011719 0.029851
0 0.508789 0.218550 0.011719 0.031983
0 0.530273 0.291045 0.013672 0.040512
0 0.566406 0.390192 0.013672 0.046908
0 0.329102 0.421109 0.013672 0.040512
0 0.294922 0.460554 0.015625 0.046908
0 0.262207 0.445629 0.008789 0.034115
0 0.474609 0.665245 0.019531 0.059701
0 0.515137 0.657783 0.018555 0.057569
0 0.666992 0.237740 0.009766 0.036247
0 0.613770 0.362473 0.010742 0.038380
0 0.745117 0.392324 0.011719 0.038380
0 0.774902 0.292111 0.010742 0.034115
0 0.910156 0.135394 0.013672 0.036247
0 0.940430 0.123667 0.011719 0.042644
0 0.862305 0.572495 0.015625 0.044776
0 0.950195 0.836887 0.021484 0.066098
0 0.811523 0.737740 0.015625 0.059701
0 0.655273 0.767591 0.019531 0.063966
0 0.711914 0.478678 0.011719 0.044776
0 0.957520 0.420043 0.008789 0.029851
0 0.991699 0.742004 0.016602 0.055437
0 0.033691 0.373134 0.014648 0.046908
0 0.061523 0.332623 0.013672 0.038380
0 0.085449 0.299574 0.016602 0.036247
0 0.197754 0.204691 0.008789 0.034115
0 0.168945 0.398721 0.013672 0.038380
0 0.103516 0.542644 0.013672 0.049041
0 0.052246 0.665245 0.014648 0.042644
0 0.601074 0.780384 0.010742 0.046908
0 0.788086 0.382729 0.011719 0.036247
0 0.315918 0.201493 0.006836 0.031983
0 0.539062 0.243070 0.007812 0.029851
0 0.843750 0.216418 0.009766 0.031983
0 0.822266 0.466951 0.013672 0.038380
0 0.837891 0.446695 0.009766 0.036247
0 0.716797 0.261194 0.015625 0.031983
0 0.638672 0.257996 0.013672 0.029851
0 0.639160 0.301706 0.012695 0.036247
0 0.296875 0.802772 0.021484 0.040512
