0 0.725098 0.197337 0.112305 0.164649
0 0.574219 0.332324 0.031250 0.042373
0 0.427734 0.302663 0.091797 0.154964
0 0.129395 0.464286 0.063477 0.100484
0 0.209961 0.411622 0.039062 0.055690
0 0.064453 0.384988 0.044922 0.055690
0 0.133789 0.315375 0.025391 0.039952
0 0.024902 0.299637 0.030273 0.042373
0 0.200684 0.311138 0.024414 0.043584
0 0.258789 0.274818 0.019531 0.029056
0 0.163086 0.299031 0.021484 0.033898
0 0.175293 0.239104 0.020508 0.027845
0 0.261230 0.233051 0.020508 0.027845
0 0.520508 0.310533 0.027344 0.047215
0 0.518066 0.227603 0.020508 0.031477
0 0.604004 0.263317 0.026367 0.039952
0 0.583984 0.140436 0.023438 0.038741
