0 0.452148 0.636701 0.033203 0.090639
0 0.239258 0.559435 0.037109 0.093611
0 0.081543 0.650074 0.041992 0.087667
0 0.270020 0.474740 0.032227 0.084695
0 0.379883 0.414562 0.027344 0.089153
0 0.208496 0.383358 0.038086 0.071322
0 0.082520 0.441308 0.041992 0.080238
0 0.389648 0.283061 0.033203 0.084695
0 0.420898 0.205052 0.027344 0.068351
0 0.409668 0.127786 0.034180 0.068351
0 0.276367 0.116642 0.027344 0.066865
0 0.228516 0.160475 0.037109 0.080238
0 0.085938 0.291233 0.039062 0.080238
0 0.059570 0.169391 0.037109 0.065379
0 0.133301 0.079495 0.034180 0.072808
0 0.304688 0.031947 0.023438 0.052006
0 0.174316 0.023031 0.030273 0.022288
0 0.061523 0.009658 0.031250 0.022288
0 0.917480 0.647845 0.034180 0.086181
0 0.786133 0.588410 0.042969 0.086181
0 0.570312 0.637444 0.025391 0.083210
0 0.900391 0.436107 0.042969 0.081724
0 0.753418 0.426449 0.038086 0.071322
0 0.568848 0.459138 0.036133 0.074294
0 0.586914 0.296434 0.033203 0.072808
0 0.770020 0.320208 0.032227 0.060921
0 0.751953 0.287519 0.033203 0.060921
0 0.912598 0.273403 0.038086 0.077266
0 0.889648 0.308321 0.025391 0.060921
0 0.925293 0.169391 0.026367 0.059435
0 0.820801 0.176820 0.030273 0.056464
0 0.724121 0.102526 0.032227 0.071322
0 0.608398 0.115156 0.029297 0.060921
0 0.545898 0.125557 0.021484 0.063893
0 0.762207 0.049034 0.030273 0.062407
0 0.667480 0.027489 0.024414 0.057949
0 0.571289 0.241456 0.033203 0.069837
