0 0.272949 0.821586 0.030273 0.051395
0 0.092285 0.690896 0.028320 0.048458
0 0.225098 0.469163 0.024414 0.039648
0 0.287598 0.498532 0.028320 0.057269
0 0.458496 0.400147 0.018555 0.045521
0 0.486816 0.413363 0.024414 0.039648
0 0.573730 0.407489 0.024414 0.042584
0 0.593750 0.593245 0.019531 0.035242
0 0.660645 0.480910 0.024414 0.051395
0 0.671875 0.422173 0.021484 0.033774
0 0.753906 0.434655 0.027344 0.052863
0 0.816895 0.452276 0.024414 0.044053
0 0.630859 0.455947 0.011719 0.024963
0 0.339844 0.494126 0.009766 0.022026
0 0.395996 0.400881 0.028320 0.046990
