0 0.061523 0.288136 0.009766 0.074576
0 0.098145 0.225424 0.020508 0.077966
0 0.178223 0.259322 0.012695 0.071186
0 0.248535 0.200000 0.016602 0.088136
0 0.309570 0.172881 0.015625 0.074576
0 0.372559 0.176271 0.016602 0.088136
0 0.430176 0.215254 0.012695 0.071186
0 0.486328 0.220339 0.017578 0.081356
0 0.547363 0.261017 0.014648 0.067797
0 0.606445 0.233898 0.015625 0.067797
0 0.680176 0.223729 0.012695 0.074576
0 0.773438 0.200000 0.017578 0.081356
0 0.415039 0.266102 0.011719 0.077966
0 0.819336 0.311864 0.013672 0.081356
