0 0.726562 0.651693 0.064453 0.095052
0 0.759277 0.869792 0.032227 0.114583
0 0.023438 0.594401 0.037109 0.058594
0 0.226074 0.468750 0.016602 0.031250
0 0.259277 0.419271 0.014648 0.026042
0 0.261719 0.453125 0.013672 0.026042
0 0.341309 0.516276 0.024414 0.035156
0 0.315430 0.462240 0.015625 0.026042
0 0.391602 0.438151 0.013672 0.027344
0 0.418457 0.477214 0.016602 0.032552
0 0.670410 0.498698 0.032227 0.052083
0 0.644043 0.537760 0.026367 0.049479
0 0.725098 0.475911 0.020508 0.048177
0 0.741699 0.437500 0.018555 0.028646
0 0.780762 0.482422 0.024414 0.045573
0 0.804199 0.509115 0.020508 0.059896
0 0.812500 0.422526 0.017578 0.029948
0 0.829590 0.419922 0.016602 0.032552
0 0.970215 0.482422 0.018555 0.032552
0 0.976074 0.462240 0.016602 0.031250
