0 0.036133 0.637026 0.009766 0.017493
0 0.083008 0.646501 0.009766 0.018950
0 0.259277 0.621720 0.008789 0.016035
0 0.294922 0.590379 0.007812 0.017493
0 0.371094 0.618805 0.007812 0.016035
0 0.660156 0.841837 0.017578 0.036443
0 0.541504 0.725219 0.012695 0.021866
0 0.611816 0.677114 0.008789 0.021866
0 0.631836 0.683673 0.013672 0.023324
0 0.523926 0.680758 0.010742 0.020408
0 0.429199 0.687318 0.010742 0.018950
0 0.507812 0.634840 0.009766 0.016035
0 0.648926 0.639213 0.008789 0.013120
0 0.458496 0.679300 0.008789 0.020408
0 0.551758 0.628280 0.007812 0.014577
0 0.257812 0.662536 0.009766 0.018950
0 0.285156 0.636297 0.007812 0.013120
0 0.298340 0.640671 0.008789 0.016035
0 0.324707 0.680758 0.008789 0.017493
0 0.470215 0.635569 0.006836 0.014577
0 0.486328 0.591108 0.007812 0.016035
0 0.113770 0.610787 0.008789 0.014577
0 0.978516 0.741983 0.015625 0.026239
