0 0.680176 0.451684 0.038086 0.060029
0 0.078613 0.133236 0.026367 0.046852
0 0.165527 0.133968 0.022461 0.042460
0 0.265137 0.149341 0.024414 0.043924
0 0.311035 0.265007 0.008789 0.017570
0 0.202637 0.122255 0.004883 0.010249
0 0.231934 0.133968 0.004883 0.010249
0 0.226074 0.127379 0.004883 0.008785
0 0.196289 0.120059 0.005859 0.011713
0 0.298828 0.138360 0.005859 0.010249
0 0.289551 0.132504 0.004883 0.013177
0 0.281738 0.122255 0.004883 0.010249
0 0.313965 0.106149 0.006836 0.010249
0 0.318359 0.090776 0.005859 0.008785
0 0.363770 0.092240 0.004883 0.011713
0 0.377441 0.231332 0.004883 0.008785
0 0.336426 0.224012 0.006836 0.011713
0 0.232422 0.120791 0.005859 0.010249
