0 0.709473 0.107143 0.018555 0.032738
0 0.794922 0.090030 0.025391 0.046131
0 0.408203 0.072917 0.015625 0.026786
0 0.353027 0.103423 0.012695 0.019345
0 0.315918 0.071429 0.016602 0.026786
0 0.074219 0.059524 0.017578 0.035714
0 0.140625 0.072917 0.023438 0.044643
0 0.180176 0.063244 0.024414 0.040179
0 0.224121 0.043899 0.016602 0.028274
0 0.247559 0.067708 0.024414 0.034226
0 0.024414 0.037946 0.007812 0.013393
0 0.040527 0.051339 0.008789 0.013393
0 0.110840 0.071429 0.016602 0.026786
0 0.640137 0.075893 0.010742 0.017857
0 0.768066 0.136161 0.006836 0.016369
0 0.758789 0.107887 0.009766 0.016369
0 0.741211 0.109375 0.007812 0.013393
0 0.729980 0.103423 0.010742 0.019345
0 0.388184 0.391369 0.036133 0.050595
0 0.532227 0.264137 0.033203 0.058036
0 0.447754 0.075149 0.024414 0.040179
0 0.516113 0.095982 0.014648 0.025298
0 0.542969 0.112351 0.015625 0.025298
0 0.581055 0.078125 0.017578 0.037202
0 0.647461 0.119792 0.013672 0.028274
0 0.686523 0.113839 0.015625 0.031250
0 0.007324 0.017113 0.012695 0.019345
0 0.551758 0.093750 0.011719 0.020833
0 0.563477 0.076637 0.015625 0.025298
0 0.825195 0.100446 0.019531 0.028274
0 0.427246 0.084077 0.010742 0.022321
0 0.372559 0.068452 0.016602 0.026786
0 0.352051 0.066220 0.020508 0.022321
0 0.498535 0.104167 0.006836 0.011905
0 0.152832 0.069196 0.010742 0.019345
0 0.349609 0.087798 0.009766 0.011905
0 0.341797 0.103423 0.007812 0.013393
0 0.335938 0.091518 0.005859 0.013393
