0 0.083496 0.603164 0.018555 0.034388
0 0.110352 0.602476 0.017578 0.033012
0 0.142578 0.594911 0.015625 0.034388
0 0.163574 0.618982 0.018555 0.033012
0 0.201660 0.589409 0.018555 0.037139
0 0.238770 0.596974 0.020508 0.033012
0 0.158203 0.566025 0.013672 0.026135
0 0.227051 0.559835 0.014648 0.024759
0 0.250977 0.559835 0.013672 0.019257
0 0.005859 0.455296 0.011719 0.030261
0 0.184570 0.544704 0.011719 0.019257
0 0.375000 0.229711 0.041016 0.063274
0 0.522949 0.449106 0.020508 0.042641
0 0.453613 0.611417 0.020508 0.034388
0 0.452637 0.568776 0.018555 0.031637
0 0.487793 0.561210 0.016602 0.035763
0 0.500488 0.570151 0.016602 0.031637
0 0.594238 0.551582 0.018555 0.033012
0 0.598633 0.599037 0.017578 0.031637
0 0.645020 0.577717 0.018555 0.033012
0 0.664062 0.502751 0.015625 0.028886
0 0.641602 0.462861 0.017578 0.028886
0 0.592285 0.418157 0.012695 0.022008
0 0.507324 0.458047 0.008789 0.016506
0 0.688477 0.417469 0.015625 0.031637
0 0.695801 0.584594 0.018555 0.030261
0 0.560059 0.433975 0.010742 0.017882
0 0.614746 0.386520 0.014648 0.022008
0 0.571777 0.458047 0.016602 0.027510
0 0.609863 0.439477 0.012695 0.023384
0 0.883789 0.590784 0.021484 0.039890
0 0.872559 0.557772 0.018555 0.031637
0 0.862793 0.541265 0.014648 0.026135
0 0.871094 0.512380 0.015625 0.023384
0 0.908203 0.519945 0.019531 0.030261
0 0.930176 0.518569 0.018555 0.035763
0 0.939941 0.577717 0.024414 0.041265
0 0.985840 0.558459 0.022461 0.038514
0 0.971191 0.526823 0.016602 0.030261
0 0.960449 0.522008 0.018555 0.037139
0 0.055176 0.618982 0.016602 0.027510
0 0.026855 0.678129 0.012695 0.022008
0 0.056152 0.596286 0.016602 0.031637
0 0.038086 0.608666 0.011719 0.023384
