0 0.024902 0.276042 0.016602 0.028646
0 0.075195 0.296875 0.033203 0.046875
0 0.119141 0.310547 0.017578 0.027344
0 0.274414 0.272135 0.013672 0.026042
0 0.362305 0.286458 0.025391 0.041667
0 0.330566 0.380208 0.018555 0.036458
0 0.387207 0.274089 0.014648 0.024740
0 0.440918 0.377604 0.024414 0.039062
0 0.542969 0.319661 0.039062 0.079427
0 0.527832 0.338542 0.020508 0.039062
0 0.904785 0.342448 0.028320 0.041667
0 0.960449 0.298828 0.020508 0.029948
0 0.690430 0.335286 0.019531 0.029948
0 0.772949 0.312500 0.018555 0.026042
0 0.817871 0.371745 0.028320 0.035156
0 0.693359 0.279948 0.015625 0.023438
0 0.862305 0.332682 0.021484 0.032552
