0 0.229004 0.505882 0.079102 0.120588
0 0.161133 0.236765 0.064453 0.108824
0 0.364746 0.294118 0.055664 0.100000
0 0.391113 0.197794 0.045898 0.075000
0 0.483398 0.508088 0.062500 0.110294
0 0.584961 0.638971 0.068359 0.157353
0 0.816406 0.428676 0.074219 0.154412
0 0.930664 0.086765 0.050781 0.088235
0 0.787109 0.324265 0.060547 0.104412
0 0.519531 0.239706 0.066406 0.105882
0 0.664062 0.095588 0.041016 0.070588
0 0.758789 0.177941 0.042969 0.061765
0 0.657227 0.213971 0.050781 0.083824
0 0.744141 0.277206 0.046875 0.075000
0 0.077637 0.225735 0.034180 0.060294
0 0.419434 0.232353 0.024414 0.041176
0 0.425781 0.265441 0.021484 0.039706
0 0.022461 0.242647 0.029297 0.047059
0 0.380859 0.127206 0.015625 0.019118
