0 0.196289 0.371585 0.041016 0.079235
0 0.675293 0.657104 0.028320 0.038251
0 0.782227 0.631831 0.031250 0.053279
0 0.878418 0.631148 0.026367 0.060109
0 0.887207 0.635246 0.020508 0.062842
0 0.940918 0.621585 0.028320 0.051913
0 0.988770 0.636612 0.020508 0.057377
0 0.982910 0.508197 0.020508 0.043716
0 0.634766 0.630464 0.023438 0.045082
0 0.667969 0.529372 0.017578 0.036885
0 0.736328 0.495219 0.021484 0.039617
0 0.695801 0.468579 0.020508 0.043716
0 0.770996 0.477459 0.022461 0.039617
0 0.815918 0.437842 0.022461 0.042350
0 0.251465 0.650956 0.014648 0.031421
0 0.283203 0.520492 0.019531 0.035519
0 0.270508 0.655738 0.017578 0.030055
0 0.299316 0.665301 0.016602 0.032787
0 0.317383 0.653005 0.017578 0.030055
0 0.355469 0.655738 0.015625 0.030055
0 0.371582 0.637978 0.018555 0.040984
0 0.405273 0.650956 0.015625 0.031421
0 0.464844 0.519126 0.015625 0.027322
0 0.473633 0.638661 0.015625 0.028689
0 0.498535 0.646858 0.020508 0.045082
0 0.533691 0.637295 0.018555 0.031421
0 0.555664 0.637978 0.017578 0.038251
0 0.611816 0.505464 0.024414 0.038251
0 0.579590 0.451503 0.018555 0.031421
0 0.853027 0.340847 0.020508 0.034153
0 0.951660 0.279372 0.016602 0.028689
0 0.977539 0.243169 0.015625 0.035519
0 0.808594 0.232240 0.017578 0.027322
0 0.892578 0.451503 0.023438 0.045082
0 0.657227 0.417350 0.021484 0.045082
0 0.986816 0.401639 0.012695 0.024590
0 0.669922 0.382514 0.023438 0.038251
0 0.097656 0.655738 0.015625 0.032787
0 0.072266 0.663251 0.015625 0.034153
0 0.186035 0.818306 0.024414 0.032787
0 0.111328 0.629098 0.015625 0.034153
0 0.126465 0.614071 0.010742 0.023224
