0 0.416992 0.195777 0.052734 0.165067
0 0.583984 0.476967 0.029297 0.105566
0 0.461426 0.495202 0.051758 0.122841
0 0.761719 0.453935 0.046875 0.124760
0 0.932617 0.671785 0.042969 0.107486
0 0.125488 0.961612 0.016602 0.042226
0 0.077637 0.955854 0.014648 0.042226
0 0.135254 0.927063 0.018555 0.049904
0 0.180176 0.978887 0.016602 0.038388
0 0.229980 0.924184 0.014648 0.032630
0 0.262695 0.945298 0.015625 0.040307
0 0.259766 0.891555 0.013672 0.036468
0 0.225586 0.886756 0.013672 0.038388
0 0.184082 0.857006 0.014648 0.036468
0 0.229004 0.852207 0.012695 0.034549
0 0.260742 0.871401 0.013672 0.034549
0 0.243164 0.821497 0.009766 0.030710
0 0.222168 0.750480 0.012695 0.030710
0 0.142090 0.856046 0.012695 0.030710
0 0.047852 0.865643 0.011719 0.026871
0 0.033691 0.921305 0.010742 0.030710
0 0.067383 0.794626 0.011719 0.030710
0 0.062988 0.762956 0.012695 0.028791
0 0.020508 0.747601 0.009766 0.024952
0 0.020508 0.872361 0.009766 0.028791
0 0.136719 0.766795 0.009766 0.028791
0 0.119141 0.769674 0.011719 0.030710
0 0.083496 0.739923 0.010742 0.028791
0 0.073730 0.906910 0.012695 0.032630
0 0.092773 0.944338 0.013672 0.034549
0 0.156250 0.814779 0.013672 0.036468
0 0.153320 0.740883 0.011719 0.030710
0 0.210938 0.783109 0.011719 0.026871
0 0.177246 0.785988 0.010742 0.028791
0 0.100586 0.836852 0.013672 0.030710
0 0.267090 0.827255 0.012695 0.034549
0 0.304199 0.943378 0.016602 0.040307
0 0.294922 0.913628 0.013672 0.034549
0 0.309082 0.891555 0.014648 0.040307
0 0.189453 0.699616 0.009766 0.028791
0 0.033203 0.959693 0.013672 0.034549
0 0.134766 0.833973 0.011719 0.032630
0 0.140137 0.689060 0.010742 0.030710
0 0.110840 0.701536 0.010742 0.028791
0 0.174805 0.887716 0.015625 0.040307
0 0.042969 0.684261 0.011719 0.028791
0 0.072754 0.689060 0.010742 0.030710
0 0.089844 0.598848 0.011719 0.026871
0 0.204590 0.674664 0.008789 0.024952
0 0.108398 0.810940 0.013672 0.036468
0 0.248047 0.760077 0.011719 0.026871
0 0.284668 0.802303 0.010742 0.026871
0 0.303223 0.788868 0.008789 0.026871
0 0.180176 0.750480 0.008789 0.023033
