0 0.163574 0.902902 0.055664 0.061756
0 0.120605 0.786830 0.067383 0.063244
0 0.121582 0.709821 0.065430 0.058036
0 0.073730 0.614955 0.061523 0.051339
0 0.331543 0.811756 0.059570 0.059524
0 0.483887 0.843006 0.075195 0.069940
0 0.679199 0.866443 0.057617 0.061756
0 0.927246 0.898810 0.065430 0.052083
0 0.839355 0.792039 0.065430 0.055804
0 0.567871 0.748884 0.071289 0.063244
0 0.729492 0.667783 0.074219 0.063244
0 0.005371 0.949033 0.012695 0.049851
0 0.367188 0.759301 0.068359 0.057292
0 0.499023 0.746652 0.066406 0.061756
0 0.945312 0.694940 0.056641 0.058036
0 0.249512 0.590402 0.065430 0.063244
0 0.488770 0.577381 0.065430 0.061012
0 0.674805 0.497396 0.066406 0.055804
0 0.910645 0.518229 0.055664 0.052827
0 0.467773 0.507068 0.060547 0.039435
0 0.306152 0.470610 0.059570 0.049851
0 0.251953 0.385789 0.046875 0.064732
0 0.133301 0.312500 0.063477 0.058036
0 0.706055 0.367560 0.070312 0.056548
0 0.822754 0.300967 0.065430 0.055804
0 0.987305 0.050595 0.025391 0.047619
0 0.831055 0.054688 0.052734 0.048363
0 0.912109 0.155506 0.054688 0.052083
0 0.824707 0.220238 0.061523 0.047619
0 0.588867 0.255580 0.056641 0.051339
0 0.612793 0.194568 0.065430 0.058780
0 0.635254 0.071057 0.051758 0.048363
0 0.405273 0.269717 0.054688 0.058780
0 0.425781 0.217262 0.062500 0.058036
0 0.451172 0.066964 0.052734 0.052083
0 0.389648 0.079985 0.042969 0.048363
0 0.397461 0.155506 0.058594 0.055060
0 0.104980 0.070312 0.055664 0.049851
0 0.143555 0.149926 0.060547 0.057292
0 0.194336 0.192336 0.068359 0.055804
