0 0.655273 0.629386 0.031250 0.071637
0 0.790527 0.418860 0.038086 0.092105
0 0.894043 0.233918 0.034180 0.090643
0 0.744141 0.220760 0.027344 0.076023
0 0.649414 0.285819 0.025391 0.057018
0 0.866699 0.248538 0.020508 0.040936
0 0.905273 0.146930 0.021484 0.036550
0 0.957031 0.122807 0.023438 0.043860
0 0.578125 0.190058 0.027344 0.055556
0 0.517578 0.225877 0.027344 0.045322
0 0.675781 0.177632 0.017578 0.033626
0 0.803223 0.067982 0.020508 0.036550
0 0.765137 0.102339 0.016602 0.029240
0 0.782227 0.069444 0.013672 0.027778
0 0.629395 0.195906 0.016602 0.035088
0 0.453125 0.127193 0.013672 0.026316
0 0.537109 0.127193 0.013672 0.020468
0 0.577148 0.099415 0.013672 0.023392
0 0.474121 0.214181 0.014648 0.027778
0 0.218750 0.413012 0.035156 0.059942
0 0.361328 0.355994 0.033203 0.054094
0 0.282715 0.323830 0.024414 0.036550
0 0.191406 0.350877 0.021484 0.035088
0 0.417969 0.301901 0.013672 0.027778
0 0.016602 0.547515 0.021484 0.057018
0 0.068848 0.455409 0.020508 0.033626
0 0.081055 0.398392 0.015625 0.027778
0 0.152344 0.382310 0.017578 0.036550
0 0.415039 0.246345 0.011719 0.021930
0 0.408203 0.220760 0.011719 0.023392
0 0.354004 0.261696 0.020508 0.032164
0 0.367676 0.168860 0.012695 0.024854
0 0.323242 0.194444 0.013672 0.020468
0 0.293945 0.261696 0.013672 0.023392
0 0.259277 0.209064 0.012695 0.020468
0 0.240234 0.284357 0.019531 0.033626
0 0.239746 0.247076 0.014648 0.020468
0 0.240234 0.211257 0.009766 0.019006
0 0.196289 0.242690 0.011719 0.020468
0 0.204590 0.303363 0.012695 0.021930
0 0.168457 0.351608 0.016602 0.024854
0 0.160156 0.277778 0.009766 0.017544
0 0.221680 0.191520 0.011719 0.017544
0 0.208496 0.198099 0.008789 0.019006
0 0.175781 0.217105 0.009766 0.016082
0 0.157227 0.240497 0.011719 0.024854
0 0.140625 0.241228 0.011719 0.026316
0 0.121094 0.353070 0.015625 0.027778
0 0.075195 0.271199 0.009766 0.019006
0 0.060547 0.271930 0.009766 0.020468
0 0.032227 0.355994 0.013672 0.024854
0 0.059570 0.319444 0.019531 0.033626
0 0.017090 0.298977 0.014648 0.019006
0 0.032715 0.409357 0.016602 0.029240
0 0.008789 0.363304 0.013672 0.024854
0 0.691895 0.267544 0.034180 0.064327
0 0.487793 0.309211 0.026367 0.051170
0 0.459961 0.290205 0.023438 0.033626
0 0.124512 0.296784 0.016602 0.029240
0 0.100098 0.304094 0.016602 0.035088
0 0.129883 0.409357 0.025391 0.035088
0 0.046875 0.555556 0.031250 0.067251
