0 0.486328 0.524158 0.048828 0.137628
0 0.639648 0.421669 0.021484 0.043924
0 0.662109 0.348463 0.009766 0.020498
0 0.623535 0.346266 0.014648 0.024890
0 0.555176 0.353587 0.014648 0.024890
0 0.545898 0.357247 0.007812 0.017570
0 0.513672 0.341142 0.013672 0.029283
0 0.490723 0.346999 0.024414 0.040996
0 0.431152 0.355783 0.016602 0.032211
0 0.367188 0.352855 0.037109 0.070278
0 0.381348 0.325037 0.020508 0.038067
0 0.397461 0.348463 0.013672 0.026354
0 0.311035 0.336018 0.016602 0.033675
0 0.285156 0.339678 0.029297 0.046852
0 0.238770 0.342606 0.022461 0.038067
0 0.198242 0.345534 0.027344 0.040996
0 0.126953 0.345534 0.064453 0.114202
0 0.028809 0.335286 0.057617 0.079063
