0 0.103027 0.459618 0.016602 0.052863
0 0.007324 0.343612 0.016602 0.032305
0 0.026367 0.281938 0.023438 0.049927
0 0.042969 0.259912 0.017578 0.041116
0 0.115234 0.270191 0.025391 0.044053
0 0.245605 0.349486 0.020508 0.044053
0 0.038086 0.483113 0.023438 0.046990
0 0.132324 0.487518 0.024414 0.041116
0 0.297363 0.405286 0.022461 0.044053
0 0.177246 0.353157 0.024414 0.060206
0 0.266113 0.250367 0.022461 0.042584
0 0.280273 0.290749 0.019531 0.032305
0 0.306641 0.273128 0.023438 0.049927
0 0.320801 0.246696 0.020508 0.041116
0 0.345703 0.240822 0.015625 0.032305
0 0.105957 0.232746 0.026367 0.039648
0 0.158691 0.209251 0.024414 0.048458
0 0.125000 0.184288 0.019531 0.033774
0 0.033691 0.108664 0.020508 0.038179
0 0.021484 0.044053 0.017578 0.029369
0 0.082031 0.044053 0.019531 0.035242
0 0.121094 0.095448 0.017578 0.035242
0 0.164551 0.066079 0.020508 0.035242
0 0.171875 0.166667 0.021484 0.039648
0 0.206055 0.169604 0.019531 0.039648
0 0.201172 0.113069 0.017578 0.038179
0 0.233887 0.110132 0.018555 0.035242
0 0.252441 0.089574 0.016602 0.035242
0 0.253418 0.044053 0.018555 0.032305
0 0.171875 0.018355 0.017578 0.027900
0 0.224609 0.201175 0.017578 0.035242
0 0.230469 0.171072 0.013672 0.033774
0 0.236816 0.162996 0.012695 0.029369
0 0.213867 0.145374 0.013672 0.029369
0 0.233887 0.225404 0.012695 0.027900
0 0.270020 0.020558 0.016602 0.029369
0 0.273438 0.062408 0.015625 0.024963
0 0.042480 0.006608 0.020508 0.016153
0 0.115723 0.022026 0.016602 0.029369
0 0.291992 0.151982 0.015625 0.027900
0 0.288086 0.132159 0.017578 0.032305
0 0.314453 0.135830 0.015625 0.030837
0 0.324219 0.088840 0.017578 0.033774
0 0.350098 0.084435 0.016602 0.036711
0 0.376465 0.087372 0.014648 0.024963
0 0.387695 0.129956 0.017578 0.033774
0 0.290039 0.187225 0.015625 0.030837
0 0.274414 0.208517 0.015625 0.029369
0 0.301758 0.221733 0.019531 0.032305
0 0.318848 0.182085 0.016602 0.029369
0 0.326172 0.210720 0.015625 0.027900
0 0.340332 0.173275 0.014648 0.029369
0 0.369141 0.172540 0.019531 0.030837
0 0.376953 0.202643 0.019531 0.032305
0 0.360840 0.276799 0.016602 0.030837
0 0.396973 0.158590 0.016602 0.032305
0 0.406250 0.124816 0.015625 0.032305
0 0.430664 0.165198 0.017578 0.030837
0 0.416016 0.192364 0.017578 0.032305
0 0.424316 0.300294 0.022461 0.045521
0 0.454102 0.249633 0.013672 0.032305
0 0.483398 0.293686 0.023438 0.041116
0 0.500977 0.254038 0.017578 0.035242
0 0.489746 0.201909 0.018555 0.033774
0 0.480957 0.229075 0.018555 0.032305
0 0.473145 0.178414 0.016602 0.030837
0 0.466797 0.078561 0.017578 0.027900
0 0.514160 0.102790 0.018555 0.035242
0 0.434082 0.083700 0.016602 0.029369
0 0.412109 0.079295 0.015625 0.026432
0 0.512207 0.189427 0.016602 0.038179
0 0.534668 0.202643 0.020508 0.035242
0 0.397949 0.054332 0.014648 0.032305
0 0.442871 0.058003 0.016602 0.030837
0 0.474609 0.048458 0.017578 0.032305
0 0.498047 0.040382 0.013672 0.024963
0 0.513672 0.038179 0.013672 0.026432
0 0.454102 0.117474 0.015625 0.026432
0 0.406738 0.029369 0.012695 0.020558
0 0.443359 0.030837 0.015625 0.029369
0 0.432129 0.030837 0.012695 0.023495
0 0.482910 0.026432 0.014648 0.026432
0 0.477539 0.011747 0.013672 0.023495
0 0.519043 0.009545 0.014648 0.022026
0 0.541992 0.062408 0.013672 0.027900
0 0.555664 0.138767 0.015625 0.030837
0 0.570801 0.093245 0.016602 0.036711
0 0.600098 0.110132 0.016602 0.026432
0 0.621582 0.070485 0.012695 0.026432
0 0.614258 0.033774 0.015625 0.029369
0 0.637695 0.039648 0.015625 0.029369
0 0.652344 0.066079 0.013672 0.026432
0 0.667480 0.060206 0.014648 0.029369
0 0.686035 0.056535 0.012695 0.030837
0 0.696289 0.037445 0.015625 0.024963
0 0.661621 0.040382 0.014648 0.024963
0 0.699707 0.016887 0.014648 0.024963
0 0.635254 0.091043 0.012695 0.029369
0 0.675293 0.091043 0.016602 0.032305
0 0.703613 0.092511 0.016602 0.029369
0 0.686035 0.136564 0.016602 0.032305
0 0.622070 0.157856 0.017578 0.027900
0 0.568848 0.171072 0.018555 0.027900
0 0.612305 0.211454 0.017578 0.032305
0 0.636230 0.217327 0.018555 0.032305
0 0.656250 0.198238 0.015625 0.026432
0 0.680664 0.174743 0.019531 0.029369
0 0.736816 0.174743 0.014648 0.029369
0 0.778809 0.167401 0.016602 0.029369
0 0.645996 0.237885 0.018555 0.032305
0 0.663574 0.233480 0.016602 0.029369
0 0.673340 0.266520 0.018555 0.033774
0 0.596680 0.256975 0.019531 0.041116
0 0.577637 0.284141 0.018555 0.039648
0 0.600098 0.289280 0.018555 0.035242
0 0.629883 0.281204 0.017578 0.036711
0 0.557617 0.324523 0.017578 0.032305
0 0.583496 0.340675 0.018555 0.035242
0 0.605957 0.340675 0.016602 0.029369
0 0.621094 0.331131 0.017578 0.033774
0 0.665039 0.325257 0.017578 0.039648
0 0.621582 0.367107 0.016602 0.038179
0 0.650879 0.392805 0.018555 0.036711
0 0.725098 0.335536 0.020508 0.039648
0 0.695801 0.301028 0.018555 0.032305
0 0.702637 0.270191 0.018555 0.038179
0 0.725098 0.267254 0.018555 0.038179
0 0.714844 0.256975 0.017578 0.032305
0 0.759277 0.277533 0.016602 0.032305
0 0.744141 0.322320 0.013672 0.036711
0 0.760254 0.327460 0.016602 0.038179
0 0.763672 0.386931 0.017578 0.033774
0 0.774414 0.323054 0.015625 0.035242
0 0.769043 0.243025 0.016602 0.027900
0 0.533203 0.411894 0.025391 0.042584
0 0.538574 0.535977 0.022461 0.038179
0 0.591309 0.535242 0.022461 0.039648
0 0.654297 0.524963 0.025391 0.042584
0 0.659668 0.498532 0.022461 0.042584
0 0.668457 0.428781 0.022461 0.046990
0 0.784180 0.476505 0.023438 0.048458
0 0.727539 0.569750 0.025391 0.046990
0 0.731445 0.513950 0.017578 0.046990
0 0.808594 0.428047 0.021484 0.033774
0 0.792969 0.435389 0.017578 0.033774
0 0.844727 0.467695 0.019531 0.036711
0 0.819336 0.508811 0.021484 0.039648
0 0.806152 0.571219 0.022461 0.038179
0 0.866211 0.567548 0.023438 0.042584
0 0.822754 0.559471 0.022461 0.049927
0 0.867676 0.499266 0.024414 0.038179
0 0.891602 0.482379 0.021484 0.036711
0 0.857910 0.432452 0.020508 0.027900
0 0.924316 0.530103 0.022461 0.044053
0 0.730957 0.472834 0.020508 0.032305
0 0.902344 0.436123 0.013672 0.029369
0 0.930664 0.467695 0.021484 0.042584
0 0.804688 0.344347 0.019531 0.030837
0 0.957031 0.520558 0.021484 0.033774
0 0.937500 0.580764 0.023438 0.045521
0 0.974121 0.632159 0.028320 0.048458
0 0.957031 0.439060 0.019531 0.035242
0 0.981934 0.460352 0.024414 0.042584
0 0.932617 0.419971 0.017578 0.035242
0 0.916016 0.390602 0.017578 0.029369
0 0.928223 0.370044 0.018555 0.032305
0 0.952148 0.354626 0.019531 0.039648
0 0.966797 0.325257 0.017578 0.030837
0 0.988281 0.334068 0.017578 0.039648
0 0.976562 0.392805 0.015625 0.042584
0 0.985352 0.401615 0.015625 0.033774
0 0.906250 0.320117 0.015625 0.035242
0 0.876465 0.309838 0.018555 0.035242
0 0.830566 0.464758 0.020508 0.039648
0 0.740723 0.091043 0.012695 0.023495
0 0.764648 0.049192 0.013672 0.024963
0 0.718262 0.060206 0.012695 0.026432
0 0.769531 0.097651 0.015625 0.027900
0 0.768066 0.114537 0.014648 0.029369
0 0.779297 0.147577 0.017578 0.030837
0 0.793457 0.127019 0.014648 0.027900
0 0.792969 0.049192 0.015625 0.024963
0 0.836914 0.101322 0.015625 0.026432
0 0.810059 0.194567 0.018555 0.030837
0 0.840332 0.182819 0.016602 0.033774
0 0.849121 0.185022 0.014648 0.029369
0 0.857422 0.158590 0.015625 0.029369
0 0.846680 0.073421 0.015625 0.029369
0 0.868652 0.088840 0.014648 0.027900
0 0.872559 0.137298 0.014648 0.027900
0 0.897949 0.129222 0.014648 0.029369
0 0.775879 0.080764 0.014648 0.023495
0 0.790039 0.063877 0.011719 0.022026
0 0.816406 0.084435 0.011719 0.022026
0 0.929199 0.103524 0.016602 0.030837
0 0.903809 0.185756 0.018555 0.030837
0 0.871094 0.160059 0.017578 0.026432
0 0.891113 0.282673 0.018555 0.036711
0 0.964355 0.221733 0.018555 0.035242
0 0.967285 0.187225 0.016602 0.033774
0 0.933594 0.294420 0.015625 0.030837
0 0.962402 0.297357 0.016602 0.033774
0 0.981445 0.159325 0.017578 0.030837
0 0.996094 0.226872 0.007812 0.024963
0 0.982422 0.088106 0.013672 0.026432
0 0.986328 0.129222 0.013672 0.029369
0 0.887207 0.013216 0.014648 0.026432
0 0.940918 0.229075 0.012695 0.026432
0 0.886230 0.212188 0.014648 0.027900
0 0.811035 0.165198 0.016602 0.024963
0 0.400391 0.712188 0.031250 0.044053
0 0.535156 0.746696 0.029297 0.048458
0 0.589844 0.721733 0.029297 0.057269
0 0.632812 0.722467 0.029297 0.055800
0 0.040039 0.685022 0.029297 0.045521
0 0.441895 0.378855 0.032227 0.064611
0 0.334473 0.448605 0.020508 0.039648
0 0.847168 0.026432 0.010742 0.017621
0 0.863770 0.011013 0.012695 0.022026
0 0.818848 0.022761 0.012695 0.022026
0 0.764160 0.005874 0.010742 0.014684
0 0.856445 0.052129 0.011719 0.022026
0 0.729980 0.032305 0.012695 0.020558
0 0.329590 0.305433 0.014648 0.029369
0 0.994629 0.258443 0.008789 0.026432
0 0.571289 0.210720 0.013672 0.022026
0 0.129883 0.078561 0.011719 0.022026
0 0.206543 0.023495 0.016602 0.023495
