0 0.711914 0.158492 0.076172 0.063690
0 0.906738 0.118960 0.047852 0.050512
0 0.809570 0.142020 0.025391 0.021962
0 0.959961 0.093704 0.027344 0.024890
0 0.389160 0.378843 0.047852 0.046120
0 0.528320 0.385432 0.048828 0.050512
0 0.550293 0.431918 0.084961 0.068814
0 0.020020 0.407394 0.040039 0.047584
0 0.191406 0.502196 0.167969 0.089312
0 0.828613 0.608712 0.143555 0.145681
0 0.773438 0.159224 0.019531 0.016837
0 0.583984 0.165447 0.021484 0.019034
0 0.069824 0.257321 0.020508 0.022694
0 0.102051 0.219985 0.020508 0.015373
0 0.112305 0.244143 0.021484 0.019766
0 0.140137 0.235359 0.022461 0.024158
0 0.174805 0.236823 0.021484 0.021230
0 0.158691 0.226940 0.008789 0.010249
0 0.178223 0.255857 0.024414 0.027086
0 0.226074 0.261713 0.024414 0.024158
0 0.199707 0.228404 0.022461 0.020498
0 0.283691 0.220351 0.020508 0.020498
0 0.299316 0.214129 0.022461 0.022694
0 0.353516 0.207540 0.025391 0.022694
0 0.407715 0.200220 0.018555 0.018302
0 0.453613 0.216691 0.030273 0.030747
0 0.474121 0.207540 0.012695 0.016837
0 0.504883 0.211933 0.027344 0.027086
0 0.529785 0.146779 0.022461 0.031479
0 0.655273 0.177892 0.021484 0.024890
0 0.676270 0.158858 0.020508 0.021962
