0 0.738770 0.368960 0.012695 0.029283
0 0.803223 0.396047 0.016602 0.036603
0 0.817383 0.436310 0.013672 0.035139
0 0.242188 0.175695 0.021484 0.029283
0 0.333496 0.145681 0.018555 0.033675
0 0.412598 0.357980 0.018555 0.027818
0 0.407227 0.112738 0.017578 0.029283
0 0.559082 0.145681 0.016602 0.030747
0 0.481445 0.105417 0.017578 0.026354
0 0.487305 0.054173 0.015625 0.029283
0 0.536133 0.016105 0.015625 0.026354
0 0.549316 0.067350 0.010742 0.020498
0 0.583984 0.009517 0.013672 0.019034
0 0.708496 0.107613 0.018555 0.030747
0 0.863281 0.101757 0.013672 0.021962
0 0.796387 0.035139 0.012695 0.029283
0 0.869629 0.026354 0.012695 0.011713
0 0.013672 0.084187 0.019531 0.024890
0 0.177246 0.486091 0.020508 0.023426
0 0.241211 0.013177 0.015625 0.020498
0 0.159668 0.024158 0.018555 0.024890
