0 0.153320 0.416935 0.060547 0.150000
0 0.204102 0.350000 0.050781 0.106452
0 0.280762 0.454032 0.059570 0.133871
0 0.333496 0.386290 0.049805 0.111290
0 0.381348 0.359677 0.045898 0.103226
0 0.387207 0.573387 0.061523 0.140323
0 0.443848 0.442742 0.053711 0.108065
0 0.456543 0.555645 0.059570 0.133871
0 0.485840 0.379839 0.041992 0.098387
0 0.580566 0.513710 0.055664 0.133871
0 0.575684 0.355645 0.041992 0.098387
0 0.655762 0.405645 0.051758 0.114516
0 0.711426 0.575806 0.051758 0.112903
0 0.845703 0.437903 0.056641 0.114516
