0 0.960449 0.070803 0.026367 0.068613
0 0.209473 0.302190 0.045898 0.075912
0 0.632324 0.215328 0.041992 0.103650
0 0.643066 0.054745 0.010742 0.036496
0 0.488281 0.094161 0.021484 0.042336
0 0.568359 0.108029 0.011719 0.029197
0 0.701172 0.147445 0.029297 0.055474
0 0.817871 0.075182 0.020508 0.051095
0 0.750488 0.024818 0.012695 0.029197
0 0.905762 0.021898 0.016602 0.043796
0 0.683594 0.024818 0.011719 0.026277
0 0.375977 0.242336 0.041016 0.072993
0 0.442383 0.300730 0.123047 0.221898
0 0.174316 0.391971 0.040039 0.106569
0 0.059570 0.263504 0.025391 0.045255
0 0.176758 0.197810 0.021484 0.051095
0 0.250000 0.200730 0.023438 0.056934
0 0.777832 0.036496 0.018555 0.040876
