0 0.089844 0.441520 0.021484 0.040936
0 0.114746 0.445906 0.018555 0.035088
0 0.182129 0.446637 0.016602 0.033626
0 0.210449 0.449561 0.018555 0.030702
0 0.243164 0.470029 0.019531 0.036550
0 0.260742 0.431287 0.021484 0.040936
0 0.291504 0.456871 0.014648 0.027778
0 0.337402 0.450292 0.020508 0.032164
0 0.451660 0.439327 0.016602 0.042398
0 0.498535 0.461257 0.016602 0.036550
0 0.514648 0.450292 0.015625 0.029240
0 0.562500 0.416667 0.019531 0.052632
0 0.588379 0.429825 0.020508 0.040936
0 0.657715 0.426901 0.022461 0.043860
0 0.716309 0.416667 0.020508 0.038012
0 0.724121 0.430556 0.016602 0.039474
0 0.756836 0.467105 0.021484 0.045322
0 0.737305 0.541667 0.021484 0.045322
0 0.806152 0.431287 0.022461 0.040936
0 0.798340 0.540936 0.026367 0.046784
0 0.852539 0.439327 0.017578 0.033626
0 0.871094 0.398392 0.031250 0.054094
0 0.922852 0.433480 0.021484 0.033626
0 0.946777 0.441520 0.016602 0.040936
0 0.974609 0.359649 0.013672 0.064327
