0 0.131348 0.414763 0.016602 0.042179
0 0.166992 0.406854 0.019531 0.047452
0 0.258789 0.406854 0.019531 0.054482
0 0.285156 0.416520 0.017578 0.049209
0 0.810547 0.397188 0.033203 0.066784
0 0.733398 0.367311 0.031250 0.063269
0 0.666016 0.396309 0.029297 0.050967
0 0.636230 0.364675 0.028320 0.061511
0 0.561523 0.405975 0.029297 0.063269
0 0.568359 0.336555 0.027344 0.057996
0 0.503906 0.399824 0.033203 0.065026
0 0.468262 0.341828 0.028320 0.061511
0 0.409180 0.372583 0.027344 0.056239
0 0.340820 0.377856 0.029297 0.063269
