0 0.952148 0.737410 0.023438 0.050360
0 0.989258 0.654676 0.019531 0.053957
0 0.975586 0.593525 0.023438 0.053957
0 0.960449 0.530576 0.020508 0.046763
0 0.996094 0.465827 0.007812 0.050360
0 0.939941 0.475719 0.020508 0.048561
0 0.869141 0.750899 0.023438 0.055755
0 0.900391 0.660971 0.023438 0.055755
0 0.900879 0.607014 0.024414 0.048561
0 0.878418 0.522482 0.024414 0.055755
0 0.866211 0.501799 0.021484 0.046763
0 0.884277 0.423561 0.022461 0.052158
0 0.842285 0.671763 0.024414 0.048561
0 0.791992 0.722122 0.025391 0.048561
0 0.771484 0.660072 0.025391 0.057554
0 0.820801 0.607914 0.026367 0.046763
0 0.797852 0.528777 0.021484 0.053957
0 0.802734 0.491007 0.019531 0.043165
0 0.790039 0.436151 0.023438 0.052158
0 0.770508 0.389388 0.023438 0.048561
0 0.727051 0.688849 0.026367 0.053957
0 0.750488 0.585432 0.022461 0.052158
0 0.694824 0.630396 0.026367 0.059353
0 0.722168 0.562950 0.022461 0.043165
0 0.741699 0.520683 0.020508 0.052158
0 0.729980 0.464029 0.020508 0.043165
0 0.673828 0.551259 0.023438 0.055755
0 0.633789 0.718525 0.025391 0.052158
0 0.616211 0.607014 0.025391 0.059353
0 0.644043 0.539568 0.022461 0.046763
0 0.672363 0.498201 0.024414 0.046763
0 0.655273 0.387590 0.021484 0.059353
0 0.634766 0.389388 0.023438 0.048561
0 0.979492 0.330935 0.021484 0.050360
0 0.906738 0.354317 0.020508 0.050360
0 0.887207 0.357014 0.020508 0.044964
0 0.817383 0.348921 0.023438 0.039568
0 0.708008 0.359712 0.021484 0.050360
0 0.750488 0.342626 0.020508 0.044964
0 0.597168 0.556655 0.024414 0.055755
0 0.601074 0.481115 0.022461 0.030576
0 0.549805 0.767986 0.021484 0.050360
0 0.511719 0.785072 0.037109 0.091727
0 0.528809 0.629496 0.024414 0.057554
0 0.544434 0.629496 0.014648 0.046763
0 0.565918 0.538669 0.022461 0.052158
0 0.533691 0.505396 0.022461 0.050360
0 0.578613 0.412770 0.022461 0.048561
0 0.567383 0.383993 0.021484 0.041367
0 0.522949 0.400180 0.022461 0.048561
0 0.465332 0.766187 0.022461 0.050360
0 0.395996 0.750000 0.022461 0.053957
0 0.446777 0.643885 0.026367 0.061151
0 0.452637 0.566547 0.024414 0.053957
0 0.481445 0.491007 0.025391 0.053957
0 0.458984 0.473921 0.021484 0.055755
0 0.447266 0.420863 0.021484 0.050360
0 0.383301 0.664568 0.020508 0.052158
0 0.394531 0.530576 0.019531 0.053957
0 0.361328 0.553058 0.023438 0.062950
0 0.395020 0.470324 0.022461 0.052158
0 0.382812 0.383094 0.021484 0.053957
0 0.342773 0.371403 0.021484 0.044964
0 0.310059 0.728417 0.024414 0.050360
0 0.317871 0.666367 0.024414 0.055755
0 0.314941 0.534173 0.024414 0.050360
0 0.265625 0.559353 0.023438 0.050360
0 0.318848 0.481115 0.022461 0.044964
0 0.315918 0.411871 0.022461 0.050360
0 0.234375 0.705935 0.027344 0.062950
0 0.248535 0.691547 0.020508 0.048561
0 0.234375 0.553058 0.023438 0.059353
0 0.245605 0.480216 0.024414 0.053957
0 0.253418 0.445144 0.022461 0.041367
0 0.256348 0.372302 0.022461 0.046763
0 0.191406 0.378597 0.025391 0.048561
0 0.175293 0.406475 0.022461 0.043165
0 0.173828 0.455036 0.025391 0.053957
0 0.163086 0.553957 0.021484 0.046763
0 0.180176 0.616007 0.022461 0.048561
0 0.168945 0.678957 0.023438 0.052158
0 0.158691 0.762590 0.024414 0.057554
0 0.076172 0.699640 0.023438 0.061151
0 0.088379 0.670863 0.024414 0.061151
0 0.109863 0.567446 0.024414 0.055755
0 0.104492 0.529676 0.023438 0.048561
0 0.110840 0.418165 0.022461 0.052158
0 0.122070 0.374101 0.021484 0.043165
0 0.008301 0.645683 0.016602 0.053957
0 0.019043 0.536871 0.024414 0.055755
0 0.029785 0.463129 0.024414 0.055755
0 0.036621 0.424460 0.020508 0.039568
0 0.047852 0.357014 0.023438 0.041367
