0 0.573242 0.378414 0.033203 0.062419
0 0.123535 0.212614 0.020508 0.035111
0 0.026367 0.213914 0.009766 0.022107
0 0.053223 0.187906 0.016602 0.024707
0 0.054688 0.308843 0.019531 0.035111
0 0.096680 0.308843 0.021484 0.032510
0 0.150391 0.310793 0.025391 0.039012
0 0.154297 0.372562 0.027344 0.032510
0 0.236816 0.365410 0.022461 0.036411
0 0.145508 0.200910 0.017578 0.029909
0 0.211914 0.211313 0.013672 0.029909
0 0.270996 0.206762 0.024414 0.036411
0 0.318359 0.213264 0.015625 0.031209
0 0.339844 0.221717 0.019531 0.029909
0 0.246582 0.213264 0.006836 0.013004
0 0.223633 0.249025 0.009766 0.011704
0 0.034180 0.332900 0.027344 0.041612
0 0.357910 0.206762 0.016602 0.026008
0 0.389648 0.215215 0.017578 0.029909
0 0.482422 0.178804 0.033203 0.061118
0 0.586914 0.200910 0.023438 0.032510
0 0.603027 0.243823 0.024414 0.037711
0 0.637695 0.254876 0.023438 0.026008
0 0.653320 0.194408 0.011719 0.032510
0 0.691406 0.208713 0.011719 0.032510
0 0.438477 0.214564 0.007812 0.020806
0 0.755859 0.278283 0.015625 0.023407
0 0.828125 0.258778 0.037109 0.059818
0 0.922363 0.207412 0.034180 0.061118
