0 0.025879 0.283537 0.028320 0.042683
0 0.115234 0.262805 0.023438 0.035366
0 0.163574 0.223171 0.022461 0.036585
0 0.184570 0.221951 0.017578 0.031707
0 0.086914 0.212195 0.015625 0.019512
0 0.058594 0.243293 0.017578 0.028049
0 0.069824 0.243902 0.010742 0.026829
0 0.145996 0.213415 0.010742 0.021951
0 0.144531 0.296341 0.044922 0.058537
0 0.203613 0.315854 0.036133 0.048780
0 0.226074 0.265244 0.022461 0.037805
0 0.338379 0.263415 0.047852 0.078049
0 0.405273 0.297561 0.031250 0.056098
0 0.477539 0.314024 0.013672 0.028049
0 0.520020 0.291463 0.024414 0.039024
0 0.567871 0.272561 0.047852 0.081707
0 0.522461 0.449390 0.064453 0.093902
0 0.074707 0.476220 0.028320 0.042683
0 0.636230 0.367073 0.045898 0.082927
0 0.826172 0.395732 0.044922 0.091463
0 0.653809 0.270732 0.030273 0.058537
0 0.689453 0.212805 0.019531 0.035366
0 0.840820 0.348171 0.039062 0.062195
0 0.833496 0.290854 0.038086 0.045122
0 0.953125 0.382927 0.042969 0.080488
0 0.968262 0.314024 0.036133 0.052439
0 0.849609 0.808537 0.066406 0.095122
0 0.812988 0.713415 0.051758 0.053659
0 0.007324 0.257927 0.016602 0.035366
0 0.113770 0.236585 0.020508 0.029268
0 0.294922 0.314634 0.021484 0.039024
0 0.496582 0.184756 0.006836 0.008537
