0 0.013184 0.139620 0.028320 0.077485
0 0.082520 0.142544 0.038086 0.057018
0 0.177246 0.160819 0.043945 0.070175
0 0.237305 0.135234 0.039062 0.059942
0 0.246582 0.343567 0.077148 0.149123
0 0.466309 0.165936 0.079102 0.173977
0 0.663574 0.262427 0.059570 0.144737
0 0.803711 0.072368 0.054688 0.086257
0 0.594238 0.176170 0.047852 0.080409
0 0.685547 0.103801 0.041016 0.067251
0 0.736816 0.164474 0.045898 0.062865
0 0.895996 0.100877 0.043945 0.064327
0 0.953125 0.109649 0.031250 0.046784
0 0.990723 0.076023 0.016602 0.093567
0 0.410156 0.138889 0.033203 0.055556
