0 0.197754 0.334201 0.026367 0.064236
0 0.282227 0.318576 0.025391 0.057292
0 0.228027 0.475694 0.026367 0.059028
0 0.147461 0.499132 0.023438 0.060764
0 0.260254 0.390625 0.022461 0.052083
0 0.202637 0.402778 0.022461 0.055556
0 0.231934 0.430556 0.026367 0.062500
0 0.337891 0.381076 0.025391 0.060764
0 0.297363 0.506076 0.024414 0.053819
0 0.376465 0.442708 0.026367 0.062500
0 0.526855 0.415799 0.028320 0.071181
0 0.419922 0.396701 0.023438 0.053819
0 0.371582 0.329861 0.024414 0.059028
0 0.446289 0.354167 0.019531 0.055556
0 0.524414 0.320312 0.025391 0.053819
0 0.796387 0.391493 0.024414 0.050347
0 0.767578 0.322917 0.027344 0.059028
0 0.686523 0.340278 0.025391 0.059028
0 0.719727 0.427083 0.025391 0.052083
0 0.737793 0.482639 0.028320 0.055556
0 0.645508 0.444444 0.023438 0.065972
0 0.577637 0.395833 0.026367 0.069444
0 0.611328 0.338542 0.025391 0.059028
0 0.509277 0.399306 0.026367 0.048611
0 0.642578 0.419271 0.021484 0.050347
