0 0.048340 0.899563 0.094727 0.075691
0 0.030273 0.653566 0.062500 0.081514
0 0.021973 0.452693 0.045898 0.064047
0 0.247559 0.907569 0.083008 0.065502
0 0.189941 0.671033 0.065430 0.078603
0 0.140137 0.452693 0.059570 0.081514
0 0.108887 0.289665 0.059570 0.052402
0 0.200684 0.163028 0.047852 0.058224
0 0.247070 0.299854 0.052734 0.066958
0 0.374023 0.315138 0.052734 0.068413
0 0.316406 0.184862 0.046875 0.078603
0 0.503418 0.058224 0.041992 0.075691
0 0.394043 0.067686 0.045898 0.080058
0 0.275879 0.063319 0.041992 0.068413
0 0.615234 0.067686 0.041016 0.062591
0 0.725098 0.064047 0.036133 0.061135
0 0.812988 0.163028 0.049805 0.064047
0 0.687500 0.168850 0.046875 0.049491
0 0.568848 0.167394 0.045898 0.061135
0 0.646484 0.291121 0.056641 0.069869
0 0.943359 0.153566 0.050781 0.050946
0 0.922852 0.289665 0.054688 0.064047
0 0.788086 0.311499 0.056641 0.066958
0 0.518555 0.296943 0.046875 0.061135
0 0.450195 0.169578 0.046875 0.077147
0 0.893555 0.439592 0.052734 0.069869
0 0.865723 0.654294 0.067383 0.068413
0 0.706543 0.645560 0.063477 0.065502
0 0.746582 0.454876 0.059570 0.068413
0 0.597168 0.447598 0.059570 0.062591
0 0.532227 0.656477 0.066406 0.072780
0 0.449219 0.451237 0.054688 0.058224
0 0.300781 0.467249 0.060547 0.078603
0 0.362793 0.664483 0.069336 0.077147
0 0.818359 0.910480 0.072266 0.056769
0 0.633789 0.937409 0.066406 0.061135
0 0.449219 0.910480 0.082031 0.068413
