0 0.713379 0.244792 0.174805 0.299479
0 0.467773 0.147135 0.097656 0.140625
0 0.496582 0.751953 0.030273 0.050781
0 0.191406 0.773438 0.015625 0.023438
0 0.178711 0.744141 0.009766 0.016927
0 0.205078 0.754557 0.009766 0.016927
0 0.262207 0.782552 0.008789 0.018229
0 0.359863 0.729818 0.014648 0.024740
0 0.270020 0.710286 0.008789 0.016927
0 0.246582 0.725260 0.008789 0.015625
0 0.028809 0.732422 0.020508 0.027344
0 0.154785 0.780599 0.008789 0.014323
0 0.424316 0.763021 0.010742 0.018229
0 0.194336 0.718099 0.007812 0.016927
0 0.171875 0.822266 0.009766 0.019531
0 0.162109 0.807292 0.009766 0.018229
0 0.252441 0.748047 0.010742 0.016927
0 0.228027 0.718099 0.008789 0.016927
0 0.230469 0.766276 0.009766 0.011719
0 0.267578 0.817057 0.009766 0.016927
0 0.289551 0.731771 0.008789 0.015625
0 0.188477 0.709635 0.009766 0.018229
0 0.169434 0.725911 0.010742 0.019531
0 0.230469 0.816406 0.011719 0.018229
0 0.291016 0.785156 0.005859 0.013021
0 0.278809 0.764323 0.006836 0.013021
0 0.204590 0.703776 0.008789 0.009115
0 0.170898 0.710938 0.009766 0.013021
0 0.234863 0.776693 0.010742 0.016927
0 0.205566 0.772786 0.006836 0.009115
0 0.175781 0.763021 0.005859 0.013021
