0 0.460938 0.392241 0.027344 0.067241
0 0.522949 0.369828 0.022461 0.056897
0 0.591797 0.406034 0.027344 0.063793
0 0.604980 0.347414 0.026367 0.060345
0 0.651367 0.329310 0.025391 0.065517
0 0.663574 0.411207 0.028320 0.063793
0 0.687500 0.374138 0.023438 0.062069
0 0.753418 0.381034 0.026367 0.062069
0 0.822266 0.389655 0.027344 0.072414
0 0.895996 0.405172 0.028320 0.072414
0 0.145508 0.362931 0.023438 0.063793
0 0.219238 0.377586 0.024414 0.055172
0 0.256348 0.353448 0.024414 0.051724
0 0.298340 0.383621 0.026367 0.063793
0 0.349609 0.388793 0.025391 0.060345
0 0.363770 0.323276 0.024414 0.060345
0 0.416016 0.367241 0.025391 0.062069
0 0.437988 0.321552 0.024414 0.053448
