0 0.653809 0.461821 0.018555 0.036711
0 0.709961 0.460352 0.019531 0.033774
0 0.752930 0.453744 0.017578 0.035242
0 0.794434 0.464023 0.016602 0.029369
0 0.803223 0.360499 0.016602 0.036711
0 0.686035 0.347283 0.018555 0.033774
0 0.636230 0.344347 0.016602 0.036711
0 0.585449 0.344347 0.018555 0.030837
0 0.842285 0.449339 0.018555 0.038179
0 0.765625 0.585903 0.019531 0.038179
0 0.814453 0.646109 0.017578 0.038179
0 0.713379 0.618209 0.018555 0.035242
0 0.666992 0.647577 0.019531 0.029369
0 0.610840 0.635095 0.018555 0.036711
0 0.535645 0.632159 0.018555 0.036711
0 0.743652 0.328194 0.018555 0.033774
0 0.182129 0.445668 0.016602 0.027900
0 0.234375 0.455213 0.017578 0.032305
0 0.270996 0.442731 0.016602 0.030837
0 0.305664 0.459618 0.015625 0.029369
0 0.347656 0.459618 0.017578 0.035242
0 0.382812 0.453744 0.015625 0.032305
0 0.414062 0.454479 0.015625 0.030837
0 0.456543 0.440529 0.018555 0.029369
0 0.200684 0.602790 0.020508 0.036711
0 0.263672 0.624082 0.019531 0.038179
0 0.333496 0.623348 0.018555 0.039648
0 0.413574 0.621880 0.018555 0.036711
0 0.464355 0.580029 0.016602 0.035242
0 0.095215 0.363436 0.018555 0.027900
0 0.135742 0.375184 0.015625 0.027900
0 0.175781 0.362702 0.015625 0.023495
0 0.213379 0.358297 0.014648 0.032305
0 0.264648 0.329662 0.019531 0.039648
0 0.320801 0.337739 0.016602 0.032305
0 0.367188 0.342878 0.017578 0.030837
0 0.425781 0.350220 0.015625 0.027900
0 0.492676 0.362702 0.016602 0.029369
0 0.531738 0.342144 0.018555 0.035242
0 0.563965 0.454479 0.018555 0.036711
0 0.610352 0.465492 0.015625 0.029369
0 0.928711 0.497797 0.019531 0.026432
0 0.894531 0.608664 0.019531 0.036711
0 0.847168 0.601322 0.018555 0.036711
0 0.129883 0.644640 0.021484 0.035242
0 0.512207 0.455213 0.018555 0.029369
