0 0.083008 0.157331 0.035156 0.087315
0 0.144531 0.181219 0.037109 0.082372
0 0.203613 0.148270 0.030273 0.072488
0 0.226074 0.373147 0.036133 0.064250
0 0.258789 0.162273 0.027344 0.054366
0 0.302734 0.142504 0.027344 0.070840
0 0.362305 0.083196 0.031250 0.057661
0 0.458008 0.051071 0.029297 0.065898
0 0.436035 0.126030 0.034180 0.080725
0 0.501465 0.120264 0.026367 0.065898
0 0.154297 0.518122 0.041016 0.084020
0 0.327637 0.377265 0.034180 0.069193
0 0.311523 0.539539 0.041016 0.103789
0 0.440918 0.373970 0.032227 0.059308
0 0.512695 0.354201 0.031250 0.075783
0 0.456543 0.538715 0.040039 0.088962
0 0.563965 0.102965 0.028320 0.070840
0 0.608398 0.079077 0.027344 0.062603
0 0.647949 0.083196 0.024414 0.057661
0 0.699707 0.091433 0.028320 0.064250
0 0.762695 0.111203 0.029297 0.060956
0 0.802734 0.112850 0.035156 0.070840
0 0.901367 0.080725 0.037109 0.082372
0 0.616699 0.331137 0.032227 0.079077
0 0.685059 0.321252 0.032227 0.072488
0 0.620605 0.495058 0.041992 0.093904
0 0.752441 0.285832 0.034180 0.074135
0 0.796387 0.490939 0.040039 0.079077
0 0.904785 0.445634 0.043945 0.087315
