0 0.122070 0.238155 0.029297 0.047382
0 0.191406 0.254364 0.027344 0.047382
0 0.066406 0.380299 0.029297 0.052369
0 0.134277 0.380299 0.026367 0.047382
0 0.090820 0.485037 0.027344 0.052369
0 0.092773 0.599127 0.029297 0.051122
0 0.172852 0.606608 0.029297 0.051122
0 0.246094 0.254364 0.025391 0.047382
0 0.287109 0.254988 0.029297 0.046135
0 0.325195 0.256234 0.029297 0.048628
0 0.213867 0.377182 0.031250 0.046135
0 0.293457 0.369701 0.032227 0.046135
0 0.359863 0.375312 0.028320 0.044888
0 0.177246 0.496259 0.032227 0.049875
0 0.258789 0.491272 0.031250 0.047382
0 0.259277 0.607232 0.028320 0.047382
0 0.380859 0.258728 0.027344 0.038653
0 0.442383 0.260599 0.029297 0.047382
0 0.518066 0.263092 0.026367 0.044888
0 0.411133 0.375935 0.025391 0.043641
0 0.465332 0.382793 0.028320 0.052369
0 0.520020 0.381546 0.028320 0.047382
0 0.346680 0.495012 0.029297 0.052369
0 0.423828 0.496883 0.027344 0.043641
0 0.493164 0.496259 0.027344 0.052369
0 0.340332 0.614090 0.028320 0.051122
0 0.414551 0.612843 0.030273 0.051122
0 0.491699 0.623441 0.030273 0.052369
0 0.586426 0.266833 0.024414 0.049875
0 0.651367 0.264963 0.023438 0.046135
0 0.584961 0.377805 0.025391 0.049875
0 0.670898 0.385910 0.027344 0.046135
0 0.722656 0.280549 0.029297 0.047382
0 0.792969 0.272444 0.025391 0.046135
0 0.871094 0.264963 0.025391 0.048628
0 0.744141 0.390274 0.029297 0.047382
0 0.829590 0.385287 0.026367 0.049875
0 0.901855 0.403990 0.030273 0.044888
0 0.719727 0.487531 0.029297 0.049875
0 0.806641 0.493142 0.029297 0.048628
0 0.891113 0.516209 0.030273 0.044888
0 0.940918 0.516209 0.030273 0.044888
0 0.564453 0.494389 0.027344 0.046135
0 0.644531 0.493142 0.029297 0.051122
0 0.567871 0.611596 0.030273 0.048628
0 0.658203 0.608479 0.029297 0.047382
0 0.743164 0.613466 0.029297 0.049875
0 0.836426 0.639027 0.028320 0.051122
