0 0.075684 0.214495 0.034180 0.060029
0 0.127441 0.256955 0.041992 0.080527
0 0.203613 0.214495 0.038086 0.071742
0 0.227051 0.169839 0.030273 0.058565
0 0.270996 0.211567 0.036133 0.062958
0 0.321289 0.202782 0.029297 0.068814
0 0.243652 0.306003 0.038086 0.079063
0 0.330078 0.322108 0.039062 0.081991
0 0.362305 0.210102 0.033203 0.065886
0 0.424316 0.202782 0.032227 0.057101
0 0.529785 0.179356 0.028320 0.062958
0 0.504883 0.319180 0.035156 0.064422
0 0.433594 0.344802 0.035156 0.071742
0 0.086914 0.422401 0.041016 0.068814
0 0.174805 0.473646 0.044922 0.080527
0 0.288086 0.472182 0.037109 0.074671
0 0.396973 0.456808 0.040039 0.084919
0 0.609863 0.210835 0.032227 0.067350
0 0.602051 0.296486 0.036133 0.071742
0 0.654785 0.325769 0.036133 0.074671
0 0.500488 0.502196 0.040039 0.079063
0 0.603516 0.477306 0.039062 0.076135
0 0.703613 0.157394 0.032227 0.062958
0 0.816406 0.221083 0.033203 0.064422
0 0.730469 0.320644 0.031250 0.070278
0 0.820312 0.322108 0.039062 0.073206
0 0.891602 0.319912 0.042969 0.083455
0 0.688477 0.489019 0.037109 0.076135
0 0.769043 0.482430 0.040039 0.071742
0 0.858887 0.469253 0.040039 0.074671
