0 0.506348 0.517578 0.010742 0.016927
0 0.233398 0.479818 0.041016 0.074219
0 0.326172 0.487630 0.027344 0.045573
0 0.351074 0.493490 0.016602 0.033854
0 0.382324 0.503906 0.014648 0.031250
0 0.431641 0.509766 0.017578 0.029948
0 0.446777 0.494141 0.012695 0.032552
0 0.495605 0.524740 0.016602 0.023438
0 0.411621 0.496745 0.012695 0.024740
0 0.518555 0.509115 0.011719 0.020833
0 0.530273 0.504557 0.009766 0.014323
0 0.543457 0.507812 0.012695 0.020833
0 0.570312 0.497396 0.011719 0.018229
0 0.480469 0.510417 0.009766 0.018229
0 0.560059 0.520833 0.010742 0.015625
0 0.016602 0.521484 0.029297 0.061198
0 0.098145 0.530599 0.028320 0.053385
0 0.203125 0.497396 0.019531 0.033854
