0 0.171875 0.866373 0.058594 0.220264
0 0.462402 0.767988 0.045898 0.096916
0 0.481445 0.677680 0.046875 0.080764
0 0.244629 0.374449 0.010742 0.023495
0 0.223633 0.372247 0.011719 0.013216
0 0.318359 0.362702 0.009766 0.020558
0 0.346680 0.437592 0.021484 0.041116
0 0.562012 0.566079 0.008789 0.016153
0 0.516113 0.575624 0.006836 0.014684
0 0.648926 0.487518 0.006836 0.011747
0 0.854492 0.556535 0.009766 0.017621
0 0.892090 0.575624 0.006836 0.017621
0 0.300293 0.382526 0.006836 0.022026
0 0.377930 0.384728 0.007812 0.032305
0 0.531250 0.447137 0.005859 0.010279
0 0.526367 0.488253 0.005859 0.010279
0 0.600098 0.514684 0.006836 0.016153
0 0.604492 0.487518 0.005859 0.011747
0 0.620605 0.514684 0.006836 0.010279
0 0.652344 0.521292 0.005859 0.011747
0 0.664551 0.495595 0.006836 0.010279
0 0.654297 0.501468 0.005859 0.010279
0 0.876953 0.501468 0.005859 0.013216
0 0.862305 0.493392 0.005859 0.011747
0 0.851074 0.488987 0.004883 0.008811
0 0.825195 0.486784 0.005859 0.010279
0 0.990723 0.617474 0.008789 0.019090
0 0.735352 0.541116 0.007812 0.010279
0 0.738281 0.494860 0.005859 0.011747
