0 0.477051 0.332702 0.012695 0.026515
0 0.375000 0.264520 0.009766 0.016414
0 0.378906 0.294192 0.013672 0.022727
0 0.414062 0.254419 0.009766 0.016414
0 0.448242 0.333333 0.013672 0.020202
0 0.471191 0.267677 0.008789 0.012626
0 0.442871 0.288510 0.010742 0.016414
0 0.565918 0.291035 0.010742 0.018939
0 0.533203 0.285354 0.007812 0.012626
0 0.591309 0.291035 0.008789 0.016414
0 0.513672 0.254419 0.009766 0.013889
0 0.880371 0.417929 0.008789 0.015152
0 0.571777 0.321338 0.010742 0.021465
0 0.605957 0.280303 0.012695 0.020202
0 0.566895 0.272727 0.008789 0.012626
0 0.568848 0.377525 0.014648 0.042929
