0 0.800781 0.796382 0.044922 0.040801
0 0.895508 0.756736 0.033203 0.035412
0 0.631836 0.729022 0.033203 0.032333
0 0.498535 0.749038 0.034180 0.032333
0 0.440918 0.768283 0.036133 0.035412
0 0.289062 0.802925 0.033203 0.033872
0 0.226562 0.804080 0.039062 0.039261
0 0.224609 0.727868 0.033203 0.031563
0 0.138672 0.734796 0.027344 0.028483
0 0.135254 0.655504 0.032227 0.036182
0 0.512207 0.696305 0.036133 0.040801
0 0.761719 0.668206 0.033203 0.035412
0 0.598633 0.672825 0.029297 0.036952
0 0.646973 0.666667 0.032227 0.035412
0 0.618164 0.649731 0.031250 0.030793
0 0.584473 0.642417 0.036133 0.037721
0 0.610352 0.617013 0.027344 0.028483
0 0.549316 0.602771 0.034180 0.032333
0 0.732422 0.796767 0.035156 0.036952
0 0.778320 0.802156 0.035156 0.033872
0 0.283691 0.662048 0.032227 0.035412
0 0.288086 0.619707 0.027344 0.027714
0 0.440918 0.702848 0.028320 0.036952
0 0.656250 0.785604 0.039062 0.039261
0 0.542969 0.793687 0.035156 0.036952
0 0.486816 0.590839 0.016602 0.017706
0 0.293457 0.714396 0.028320 0.033872
0 0.139160 0.688992 0.018555 0.026174
