0 0.923828 0.132698 0.066406 0.118768
0 0.776367 0.247801 0.050781 0.093842
0 0.634766 0.097507 0.050781 0.089443
0 0.559570 0.195015 0.044922 0.093842
0 0.099121 0.249267 0.069336 0.143695
0 0.318848 0.259531 0.057617 0.111437
0 0.498535 0.534457 0.055664 0.098240
0 0.463379 0.162023 0.038086 0.071848
0 0.784668 0.060117 0.057617 0.087977
0 0.284668 0.131232 0.047852 0.083578
0 0.604492 0.134897 0.039062 0.070381
0 0.196289 0.159824 0.037109 0.079179
0 0.119141 0.156158 0.044922 0.065982
0 0.237305 0.302053 0.037109 0.061584
0 0.709473 0.115103 0.043945 0.068915
0 0.587402 0.541056 0.045898 0.096774
0 0.729980 0.519795 0.057617 0.092375
