0 0.196777 0.693247 0.038086 0.033046
0 0.443359 0.688937 0.041016 0.035920
0 0.507812 0.682471 0.033203 0.031609
0 0.584961 0.584052 0.035156 0.033046
0 0.718750 0.705819 0.042969 0.039511
0 0.496094 0.588721 0.027344 0.030891
0 0.346191 0.614224 0.036133 0.033046
0 0.167480 0.692888 0.028320 0.030891
0 0.853516 0.607759 0.035156 0.034483
0 0.718750 0.567529 0.033203 0.033046
0 0.819336 0.542385 0.031250 0.031609
0 0.879395 0.605963 0.024414 0.032328
0 0.774414 0.687859 0.035156 0.032328
0 0.794434 0.534483 0.024414 0.030172
