0 0.483887 0.555800 0.008789 0.016153
0 0.377930 0.556535 0.005859 0.008811
0 0.108887 0.503671 0.008789 0.014684
0 0.460938 0.571219 0.005859 0.008811
0 0.171875 0.426579 0.031250 0.051395
0 0.250488 0.486050 0.018555 0.032305
0 0.215332 0.527166 0.010742 0.017621
0 0.296875 0.506608 0.013672 0.023495
0 0.722168 0.403818 0.040039 0.076358
0 0.635254 0.491924 0.024414 0.049927
0 0.547363 0.530103 0.016602 0.023495
0 0.976074 0.616740 0.022461 0.035242
0 0.883789 0.541850 0.017578 0.032305
0 0.945801 0.558737 0.014648 0.024963
0 0.898926 0.552129 0.012695 0.023495
0 0.063965 0.495595 0.012695 0.024963
0 0.038574 0.481645 0.014648 0.023495
0 0.582520 0.557269 0.010742 0.019090
0 0.508789 0.561674 0.009766 0.019090
0 0.569336 0.567548 0.007812 0.016153
0 0.361328 0.543319 0.009766 0.017621
0 0.327148 0.535242 0.013672 0.022026
