0 0.817871 0.538799 0.073242 0.140556
0 0.619141 0.521962 0.052734 0.077599
0 0.500000 0.432650 0.041016 0.074671
0 0.538086 0.401171 0.027344 0.046852
0 0.428711 0.426061 0.031250 0.052709
0 0.396484 0.500000 0.058594 0.098097
0 0.190918 0.575403 0.073242 0.084919
0 0.099609 0.445827 0.037109 0.060029
0 0.272461 0.432650 0.015625 0.030747
0 0.246582 0.405564 0.026367 0.032211
0 0.300293 0.338214 0.012695 0.029283
0 0.338379 0.366764 0.012695 0.021962
0 0.322754 0.367496 0.010742 0.020498
0 0.145508 0.286969 0.021484 0.029283
0 0.140137 0.365300 0.012695 0.027818
0 0.091797 0.398243 0.023438 0.049780
0 0.375488 0.396779 0.030273 0.049780
0 0.450195 0.383602 0.027344 0.049780
0 0.567871 0.372621 0.022461 0.036603
0 0.533203 0.343338 0.015625 0.030747
0 0.432617 0.339678 0.009766 0.023426
0 0.381836 0.262811 0.011719 0.027818
0 0.626953 0.357247 0.015625 0.026354
0 0.645996 0.328697 0.012695 0.027818
0 0.670898 0.312592 0.009766 0.021962
0 0.598633 0.375549 0.015625 0.030747
0 0.756348 0.464129 0.026367 0.046852
0 0.701660 0.434114 0.020508 0.051245
0 0.706543 0.393851 0.026367 0.055637
0 0.724609 0.385066 0.017578 0.038067
0 0.729980 0.347731 0.014648 0.027818
0 0.759277 0.344070 0.014648 0.023426
0 0.800293 0.349195 0.018555 0.027818
0 0.796875 0.317716 0.011719 0.023426
0 0.784180 0.308199 0.007812 0.016105
0 0.738770 0.317716 0.012695 0.023426
0 0.697266 0.321376 0.011719 0.021962
0 0.860840 0.371157 0.014648 0.030747
0 0.815918 0.426794 0.041992 0.080527
0 0.932617 0.352855 0.019531 0.040996
0 0.866211 0.315520 0.013672 0.027818
0 0.879395 0.310395 0.006836 0.014641
0 0.896973 0.251830 0.010742 0.017570
0 0.495117 0.374085 0.021484 0.039531
0 0.836914 0.341874 0.013672 0.033675
0 0.922363 0.327233 0.012695 0.030747
