0 0.488770 0.476093 0.049805 0.047814
0 0.730957 0.670082 0.020508 0.036885
0 0.960938 0.673497 0.021484 0.035519
0 0.781250 0.666667 0.017578 0.030055
0 0.831543 0.683743 0.016602 0.031421
0 0.887207 0.696721 0.018555 0.032787
0 0.677734 0.673497 0.017578 0.032787
0 0.631348 0.680328 0.016602 0.030055
0 0.582520 0.673497 0.014648 0.030055
0 0.545898 0.683743 0.013672 0.025956
0 0.495117 0.668716 0.015625 0.028689
0 0.238281 0.666667 0.013672 0.024590
0 0.281738 0.681011 0.012695 0.025956
0 0.320312 0.667350 0.013672 0.025956
0 0.342285 0.672131 0.012695 0.024590
0 0.358887 0.674863 0.014648 0.030055
0 0.201172 0.659153 0.015625 0.028689
0 0.163086 0.663251 0.013672 0.025956
0 0.081543 0.662568 0.014648 0.030055
0 0.039062 0.656421 0.013672 0.025956
0 0.575684 0.261612 0.032227 0.050546
