0 0.652832 0.202782 0.067383 0.121523
0 0.243164 0.408492 0.037109 0.073206
0 0.248535 0.621523 0.043945 0.086384
0 0.106934 0.630307 0.038086 0.068814
0 0.797363 0.625183 0.030273 0.076135
0 0.547852 0.433382 0.033203 0.070278
0 0.545898 0.642020 0.035156 0.071742
0 0.847656 0.441435 0.031250 0.062958
0 0.789551 0.436310 0.032227 0.081991
0 0.956055 0.413616 0.039062 0.083455
0 0.112305 0.367496 0.021484 0.038067
0 0.157227 0.374085 0.019531 0.033675
0 0.063477 0.486823 0.025391 0.039531
0 0.092285 0.476574 0.016602 0.039531
0 0.186523 0.441435 0.017578 0.042460
0 0.287109 0.437775 0.017578 0.035139
0 0.505859 0.335286 0.015625 0.035139
0 0.524414 0.314788 0.019531 0.035139
0 0.541016 0.381406 0.015625 0.030747
0 0.590820 0.382138 0.019531 0.046852
0 0.437500 0.256955 0.056641 0.127379
