0 0.668457 0.263889 0.041992 0.107639
0 0.052734 0.919271 0.031250 0.067708
0 0.294434 0.932292 0.028320 0.062500
0 0.336426 0.919271 0.026367 0.067708
0 0.660645 0.928819 0.040039 0.086806
0 0.719727 0.967014 0.031250 0.059028
0 0.632324 0.948785 0.034180 0.067708
0 0.933594 0.927951 0.035156 0.078125
0 0.689453 0.794271 0.023438 0.053819
0 0.233887 0.815104 0.022461 0.050347
0 0.178711 0.903646 0.023438 0.050347
0 0.585938 0.852431 0.021484 0.048611
0 0.051758 0.697917 0.019531 0.055556
0 0.429688 0.756076 0.023438 0.064236
0 0.493164 0.661458 0.056641 0.072917
0 0.986816 0.967014 0.026367 0.065972
