0 0.129883 0.205357 0.060547 0.119898
0 0.182129 0.246173 0.049805 0.099490
0 0.338867 0.220663 0.058594 0.086735
0 0.509766 0.208546 0.072266 0.121173
0 0.858887 0.213010 0.053711 0.091837
0 0.646973 0.172194 0.047852 0.073980
0 0.118164 0.053571 0.029297 0.051020
0 0.018555 0.167092 0.037109 0.066327
0 0.194824 0.034439 0.028320 0.048469
0 0.261230 0.128189 0.030273 0.059949
0 0.405762 0.044643 0.032227 0.058673
0 0.445312 0.182398 0.031250 0.056122
0 0.724121 0.359694 0.055664 0.071429
0 0.724609 0.228954 0.023438 0.049745
0 0.765137 0.238520 0.026367 0.045918
0 0.546875 0.144770 0.023438 0.044643
0 0.646973 0.100128 0.028320 0.042092
0 0.827148 0.106505 0.017578 0.031888
0 0.926270 0.132653 0.032227 0.045918
0 0.957031 0.315689 0.039062 0.062500
0 0.976074 0.224490 0.022461 0.040816
0 0.609863 0.317602 0.034180 0.073980
0 0.931641 0.198342 0.023438 0.029337
0 0.803711 0.190051 0.023438 0.040816
0 0.382812 0.178571 0.031250 0.058673
0 0.687988 0.165816 0.026367 0.051020
0 0.883789 0.040179 0.019531 0.034439
0 0.876953 0.107781 0.019531 0.034439
