0 0.075684 0.325513 0.030273 0.058651
0 0.626953 0.136364 0.017578 0.026393
0 0.885254 0.318182 0.022461 0.049853
0 0.913574 0.279326 0.016602 0.042522
0 0.937500 0.252933 0.019531 0.042522
0 0.985352 0.243402 0.017578 0.038123
0 0.961914 0.282258 0.029297 0.057185
0 0.926270 0.226540 0.024414 0.039589
0 0.986328 0.173754 0.019531 0.036657
0 0.959473 0.135630 0.016602 0.033724
0 0.903320 0.152493 0.015625 0.032258
0 0.884766 0.102639 0.015625 0.029326
0 0.116211 0.261730 0.033203 0.071848
0 0.397949 0.286657 0.036133 0.068915
0 0.478516 0.252933 0.035156 0.077713
0 0.845215 0.284457 0.036133 0.079179
0 0.802246 0.356305 0.036133 0.079179
0 0.439941 0.283724 0.018555 0.042522
0 0.527832 0.277859 0.018555 0.039589
0 0.554199 0.281525 0.018555 0.041056
0 0.570312 0.335044 0.021484 0.042522
0 0.579102 0.253666 0.017578 0.038123
0 0.599121 0.285191 0.018555 0.039589
0 0.633789 0.304252 0.023438 0.051320
0 0.629395 0.268328 0.020508 0.038123
0 0.645508 0.160557 0.015625 0.030792
0 0.658203 0.337977 0.023438 0.045455
0 0.699219 0.318915 0.017578 0.048387
0 0.684570 0.280792 0.021484 0.042522
0 0.685547 0.241935 0.015625 0.038123
0 0.699707 0.242669 0.018555 0.042522
0 0.764160 0.230205 0.020508 0.041056
0 0.706055 0.173021 0.015625 0.032258
0 0.749023 0.350440 0.023438 0.052786
0 0.751953 0.164223 0.017578 0.035191
0 0.756836 0.135630 0.017578 0.036657
0 0.805176 0.131965 0.020508 0.041056
0 0.841309 0.132698 0.016602 0.033724
0 0.855469 0.168622 0.015625 0.029326
0 0.882812 0.253666 0.019531 0.041056
0 0.580566 0.166422 0.018555 0.036657
