0 0.123535 0.235332 0.016602 0.029987
0 0.213867 0.260756 0.019531 0.028683
0 0.305664 0.292699 0.015625 0.027379
0 0.329102 0.276402 0.013672 0.026076
0 0.408203 0.275098 0.015625 0.023468
0 0.385742 0.314211 0.013672 0.028683
0 0.461914 0.325293 0.013672 0.024772
0 0.458008 0.287484 0.013672 0.024772
0 0.479004 0.285528 0.014648 0.023468
0 0.730957 0.356584 0.014648 0.027379
0 0.715820 0.451760 0.015625 0.027379
0 0.608398 0.467405 0.021484 0.040417
0 0.617676 0.334420 0.014648 0.022164
0 0.547363 0.335072 0.012695 0.023468
0 0.578125 0.296610 0.013672 0.022164
0 0.500488 0.327901 0.012695 0.024772
0 0.676758 0.369622 0.011719 0.022164
0 0.590820 0.342243 0.011719 0.022164
0 0.510254 0.306389 0.012695 0.023468
