0 0.515137 0.337793 0.057617 0.076923
0 0.084473 0.214047 0.034180 0.073579
0 0.254395 0.187291 0.026367 0.043478
0 0.205566 0.177258 0.014648 0.033445
0 0.378906 0.250836 0.039062 0.076923
0 0.398438 0.207358 0.019531 0.043478
0 0.622070 0.181438 0.019531 0.045151
0 0.718750 0.201505 0.025391 0.061873
0 0.795410 0.242475 0.038086 0.076923
0 0.913086 0.219900 0.027344 0.061873
0 0.132812 0.176421 0.017578 0.041806
0 0.466309 0.173077 0.010742 0.025084
0 0.671387 0.178930 0.014648 0.033445
0 0.950195 0.183110 0.015625 0.038462
0 0.875000 0.171405 0.013672 0.025084
