0 0.214355 0.560029 0.022461 0.042460
0 0.168945 0.551977 0.017578 0.040996
0 0.147949 0.554173 0.016602 0.048316
0 0.499023 0.575403 0.009766 0.038067
0 0.401367 0.653001 0.021484 0.043924
0 0.649902 0.846999 0.016602 0.071742
0 0.006348 0.405564 0.010742 0.023426
0 0.002930 0.379941 0.007812 0.024890
0 0.033691 0.371889 0.008789 0.020498
0 0.048828 0.375549 0.009766 0.021962
0 0.068848 0.410688 0.012695 0.024890
0 0.032227 0.450220 0.013672 0.024890
0 0.066895 0.508785 0.012695 0.024890
0 0.100098 0.517570 0.010742 0.021962
0 0.087891 0.400439 0.011719 0.021962
0 0.072266 0.366764 0.007812 0.016105
0 0.126465 0.393119 0.010742 0.024890
0 0.153809 0.387994 0.010742 0.020498
0 0.167480 0.382138 0.008789 0.020498
0 0.382324 0.540264 0.014648 0.035139
0 0.667480 0.520498 0.012695 0.027818
0 0.617188 0.531479 0.015625 0.026354
0 0.538574 0.471449 0.010742 0.023426
0 0.595215 0.467789 0.010742 0.024890
0 0.575684 0.453880 0.014648 0.032211
0 0.177246 0.490483 0.008789 0.023426
0 0.187500 0.509517 0.009766 0.023426
0 0.170410 0.520498 0.010742 0.024890
0 0.208984 0.519034 0.011719 0.021962
0 0.225098 0.500732 0.014648 0.029283
0 0.241699 0.501464 0.008789 0.019034
0 0.188965 0.404100 0.010742 0.023426
0 0.205566 0.389458 0.010742 0.020498
0 0.225098 0.396779 0.008789 0.017570
0 0.248535 0.380673 0.008789 0.020498
0 0.251465 0.411420 0.010742 0.023426
0 0.260254 0.396047 0.010742 0.019034
0 0.292480 0.391654 0.010742 0.024890
0 0.324219 0.417277 0.009766 0.020498
0 0.334961 0.392387 0.009766 0.020498
0 0.347168 0.399707 0.008789 0.020498
0 0.569336 0.401903 0.011719 0.021962
0 0.701660 0.404832 0.008789 0.021962
0 0.723145 0.408492 0.008789 0.017570
0 0.733887 0.418741 0.008789 0.017570
0 0.742676 0.398243 0.008789 0.020498
0 0.748535 0.411420 0.010742 0.017570
0 0.731445 0.467789 0.009766 0.019034
0 0.752441 0.477306 0.012695 0.023426
0 0.779785 0.469253 0.010742 0.019034
0 0.794922 0.476574 0.013672 0.021962
0 0.789062 0.418741 0.011719 0.023426
0 0.818848 0.549048 0.016602 0.035139
0 0.827148 0.469253 0.011719 0.024890
0 0.842773 0.414348 0.011719 0.023426
0 0.877441 0.414348 0.010742 0.023426
0 0.866699 0.474378 0.010742 0.023426
0 0.902832 0.464129 0.012695 0.023426
0 0.917969 0.544656 0.011719 0.020498
0 0.927734 0.565886 0.009766 0.019034
0 0.928223 0.469985 0.010742 0.017570
0 0.924316 0.449488 0.010742 0.020498
0 0.943359 0.464129 0.011719 0.020498
0 0.942871 0.490483 0.010742 0.020498
0 0.921875 0.412152 0.009766 0.019034
0 0.966309 0.395315 0.010742 0.020498
0 0.970703 0.472182 0.009766 0.021962
0 0.967285 0.527818 0.012695 0.027818
