0 0.308594 0.266929 0.041016 0.064567
0 0.183105 0.228346 0.043945 0.088189
0 0.777832 0.202362 0.043945 0.039370
0 0.742676 0.414961 0.043945 0.055118
0 0.615723 0.451969 0.018555 0.037795
0 0.688965 0.497638 0.020508 0.040945
0 0.862305 0.500000 0.021484 0.048819
0 0.905762 0.496850 0.024414 0.048819
0 0.954590 0.519685 0.022461 0.047244
0 0.660156 0.451181 0.017578 0.039370
0 0.970703 0.400000 0.017578 0.037795
0 0.987305 0.478740 0.017578 0.037795
0 0.887695 0.437795 0.019531 0.037795
0 0.889648 0.325197 0.015625 0.033071
