0 0.219727 0.508453 0.023438 0.039012
0 0.372070 0.598830 0.011719 0.019506
0 0.353516 0.595579 0.009766 0.018205
0 0.604980 0.622887 0.026367 0.046814
0 0.567383 0.585176 0.009766 0.020806
0 0.588379 0.593628 0.010742 0.019506
0 0.599609 0.577373 0.009766 0.018205
0 0.664062 0.579324 0.011719 0.019506
0 0.687988 0.575423 0.010742 0.022107
0 0.697754 0.592978 0.010742 0.020806
0 0.713867 0.580624 0.011719 0.019506
0 0.800781 0.587126 0.011719 0.019506
0 0.806152 0.605332 0.010742 0.019506
0 0.854004 0.591678 0.010742 0.020806
0 0.916992 0.596229 0.011719 0.022107
0 0.937988 0.578023 0.012695 0.022107
0 0.901855 0.590377 0.010742 0.020806
0 0.146484 0.535111 0.021484 0.032510
0 0.145996 0.636541 0.026367 0.048114
0 0.400391 0.554616 0.025391 0.040312
0 0.659180 0.615735 0.021484 0.055917
0 0.756348 0.576073 0.020508 0.036411
0 0.877930 0.581925 0.019531 0.027308
0 0.955566 0.583225 0.016602 0.029909
0 0.627441 0.552016 0.022461 0.027308
