0 0.087891 0.366263 0.035156 0.065860
0 0.152344 0.503360 0.042969 0.079301
0 0.220215 0.415995 0.030273 0.063172
0 0.240234 0.309140 0.037109 0.064516
0 0.345215 0.377016 0.030273 0.052419
0 0.304688 0.516801 0.039062 0.068548
0 0.482422 0.408602 0.033203 0.061828
0 0.563477 0.358199 0.033203 0.068548
0 0.553223 0.484543 0.034180 0.060484
0 0.635742 0.401210 0.029297 0.063172
0 0.702148 0.353495 0.033203 0.064516
0 0.818848 0.333333 0.032227 0.061828
0 0.891602 0.370296 0.039062 0.063172
0 0.779785 0.486559 0.032227 0.067204
