0 0.509277 0.226612 0.083008 0.057522
0 0.270508 0.429520 0.041016 0.036030
0 0.351562 0.454172 0.039062 0.034766
0 0.111328 0.374842 0.039062 0.026549
0 0.114258 0.342288 0.027344 0.023388
0 0.025879 0.360303 0.034180 0.025284
0 0.067871 0.411820 0.041992 0.034766
0 0.258301 0.396018 0.036133 0.028445
0 0.674316 0.447851 0.043945 0.033502
0 0.811035 0.418142 0.038086 0.028445
0 0.916992 0.421302 0.042969 0.032238
0 0.797852 0.354930 0.031250 0.025917
0 0.674805 0.408344 0.039062 0.030341
0 0.666992 0.356195 0.029297 0.024652
0 0.982422 0.400759 0.027344 0.024020
0 0.947754 0.362516 0.024414 0.022124
0 0.106445 0.437737 0.029297 0.032238
0 0.574219 0.297408 0.025391 0.027181
