0 0.033691 0.233138 0.036133 0.055718
0 0.305664 0.248534 0.027344 0.060117
0 0.272461 0.214076 0.019531 0.041056
0 0.150879 0.282258 0.022461 0.045455
0 0.433594 0.259531 0.039062 0.064516
0 0.530273 0.245601 0.023438 0.042522
0 0.497070 0.221408 0.019531 0.032258
0 0.634766 0.228006 0.021484 0.042522
0 0.733887 0.191349 0.026367 0.045455
0 0.793457 0.266129 0.018555 0.030792
0 0.958496 0.192815 0.018555 0.045455
0 0.352539 0.230938 0.025391 0.045455
0 0.478516 0.223607 0.015625 0.030792
0 0.459473 0.243402 0.012695 0.026393
0 0.187500 0.277859 0.017578 0.033724
