0 0.767090 0.271071 0.065430 0.100228
0 0.861328 0.292141 0.039062 0.067198
0 0.274902 0.271640 0.180664 0.272210
0 0.069336 0.257973 0.074219 0.156036
0 0.235352 0.050683 0.031250 0.048975
0 0.197754 0.050683 0.034180 0.044419
0 0.468750 0.108200 0.027344 0.036446
0 0.955566 0.298975 0.020508 0.035308
0 0.536621 0.275057 0.034180 0.060364
0 0.660156 0.271071 0.025391 0.043280
0 0.804199 0.182232 0.014648 0.022779
0 0.852051 0.177107 0.012695 0.017084
0 0.889648 0.195900 0.011719 0.020501
0 0.924316 0.202733 0.012695 0.018223
0 0.901855 0.183941 0.008789 0.014806
0 0.978516 0.204442 0.009766 0.014806
0 0.990234 0.198747 0.009766 0.014806
0 0.960449 0.161162 0.006836 0.014806
0 0.948730 0.159453 0.008789 0.015945
0 0.882324 0.174829 0.008789 0.014806
0 0.814941 0.159453 0.010742 0.018223
0 0.753906 0.174260 0.013672 0.022779
0 0.716797 0.174260 0.015625 0.025057
0 0.693359 0.164579 0.017578 0.023918
0 0.608398 0.157175 0.015625 0.020501
0 0.961914 0.210706 0.013672 0.020501
