0 0.800293 0.157714 0.038086 0.029714
0 0.632812 0.144571 0.031250 0.021714
0 0.947266 0.122286 0.035156 0.020571
0 0.965820 0.276571 0.046875 0.034286
0 0.915527 0.261429 0.047852 0.031429
0 0.837891 0.249714 0.050781 0.037714
0 0.725586 0.246286 0.056641 0.035429
0 0.629883 0.211714 0.039062 0.031429
0 0.218262 0.158857 0.036133 0.026286
0 0.188477 0.163143 0.031250 0.024571
0 0.988770 0.238286 0.022461 0.029714
0 0.009766 0.148857 0.021484 0.021143
0 0.005859 0.202571 0.013672 0.029143
0 0.363281 0.093714 0.033203 0.025143
0 0.251465 0.232571 0.067383 0.042286
0 0.109375 0.217714 0.031250 0.026286
