0 0.423828 0.178165 0.091797 0.087945
0 0.553223 0.136467 0.086914 0.087945
0 0.716309 0.193328 0.034180 0.036391
0 0.649414 0.199014 0.029297 0.035633
0 0.832031 0.067475 0.031250 0.034875
0 0.897949 0.068613 0.036133 0.034117
0 0.896973 0.021228 0.038086 0.031842
0 0.985352 0.114102 0.029297 0.037149
0 0.384277 0.075815 0.041992 0.043973
0 0.182617 0.070887 0.041016 0.037149
0 0.062500 0.073161 0.042969 0.040182
0 0.064453 0.156937 0.054688 0.059136
0 0.662598 0.131160 0.008789 0.009098
0 0.649414 0.052312 0.017578 0.028810
0 0.692383 0.054208 0.023438 0.028052
0 0.128906 0.123578 0.054688 0.056103
0 0.208984 0.210387 0.062500 0.056861
0 0.250977 0.158074 0.054688 0.052312
