0 0.880859 0.109102 0.052734 0.093516
0 0.666992 0.112843 0.062500 0.103491
0 0.395508 0.114090 0.064453 0.100998
0 0.526855 0.185162 0.038086 0.058603
0 0.291992 0.178928 0.037109 0.058603
0 0.160156 0.116584 0.060547 0.100998
0 0.235352 0.185162 0.025391 0.041147
0 0.352051 0.190773 0.016602 0.032419
0 0.334473 0.190150 0.016602 0.028678
0 0.791504 0.200748 0.010742 0.017456
0 0.978516 0.223815 0.007812 0.016209
0 0.991211 0.220075 0.007812 0.013716
0 0.962891 0.225686 0.009766 0.014963
0 0.557129 0.141521 0.016602 0.028678
