0 0.722656 0.129771 0.150391 0.106870
0 0.903320 0.078790 0.050781 0.037623
0 0.844727 0.046347 0.050781 0.038168
0 0.747559 0.024264 0.041992 0.026718
0 0.609863 0.006816 0.038086 0.014722
0 0.600098 0.076609 0.047852 0.037623
0 0.472656 0.091876 0.076172 0.047437
0 0.248047 0.040076 0.089844 0.071429
0 0.508301 0.029171 0.034180 0.026718
0 0.406250 0.024809 0.037109 0.027808
0 0.372070 0.027263 0.033203 0.027263
0 0.283203 0.013904 0.037109 0.028899
0 0.294922 0.080971 0.048828 0.046347
0 0.126953 0.052890 0.078125 0.058888
0 0.022461 0.034624 0.046875 0.053980
