0 0.712891 0.063452 0.027344 0.048223
0 0.928223 0.039340 0.030273 0.040609
0 0.610840 0.109137 0.020508 0.032995
0 0.925781 0.156726 0.017578 0.029188
0 0.882324 0.600254 0.016602 0.043147
0 0.620605 0.574873 0.016602 0.032995
0 0.117676 0.025381 0.034180 0.038071
0 0.090820 0.245558 0.017578 0.026650
0 0.473145 0.055838 0.034180 0.050761
0 0.365723 0.038071 0.014648 0.022843
0 0.474121 0.157995 0.018555 0.029188
0 0.486328 0.286802 0.029297 0.083756
0 0.565918 0.229061 0.018555 0.029188
0 0.121582 0.524112 0.028320 0.038071
0 0.373047 0.537437 0.015625 0.024112
0 0.478027 0.550761 0.032227 0.058376
0 0.480469 0.653553 0.021484 0.030457
0 0.490723 0.781726 0.020508 0.071066
0 0.585449 0.016497 0.032227 0.032995
0 0.093750 0.614848 0.019531 0.031726
0 0.152344 0.631345 0.015625 0.031726
