0 0.469727 0.339667 0.021484 0.042755
0 0.951660 0.371734 0.018555 0.049881
0 0.953613 0.533848 0.026367 0.060570
0 0.701172 0.676366 0.009766 0.017815
0 0.718262 0.662114 0.010742 0.015439
0 0.850098 0.683492 0.010742 0.013064
0 0.270508 0.771378 0.013672 0.022565
0 0.538086 0.857482 0.011719 0.016627
0 0.541016 0.810570 0.011719 0.020190
0 0.428223 0.633017 0.014648 0.023753
0 0.467285 0.666271 0.008789 0.014252
0 0.779785 0.672209 0.010742 0.019002
0 0.985840 0.447743 0.028320 0.078385
0 0.985840 0.358076 0.028320 0.060570
0 0.249512 0.634204 0.008789 0.019002
0 0.307129 0.640736 0.010742 0.020190
0 0.811523 0.407957 0.035156 0.048694
0 0.826660 0.640736 0.010742 0.015439
0 0.864746 0.687648 0.008789 0.009501
0 0.871582 0.685867 0.006836 0.010689
0 0.825195 0.687648 0.013672 0.016627
0 0.038574 0.524941 0.004883 0.009501
0 0.043945 0.525534 0.003906 0.008314
0 0.033691 0.520784 0.004883 0.008314
