0 0.557617 0.410256 0.023438 0.019608
0 0.613770 0.401961 0.024414 0.024133
0 0.690430 0.410633 0.031250 0.030920
0 0.733887 0.415158 0.008789 0.009804
0 0.871582 0.067873 0.022461 0.024133
0 0.892090 0.033183 0.020508 0.019608
0 0.304688 0.056561 0.009766 0.009050
0 0.401855 0.059201 0.012695 0.011312
0 0.372070 0.060332 0.011719 0.010558
0 0.328125 0.060709 0.009766 0.008296
0 0.083984 0.186652 0.019531 0.014329
0 0.133301 0.182504 0.018555 0.016591
0 0.022461 0.182504 0.007812 0.012066
0 0.173340 0.194193 0.006836 0.008296
0 0.201660 0.192685 0.004883 0.005279
0 0.047363 0.189668 0.008789 0.008296
0 0.115723 0.561840 0.036133 0.042232
0 0.187012 0.598039 0.012695 0.013575
0 0.214355 0.597285 0.008789 0.010558
0 0.023926 0.614253 0.008789 0.009804
0 0.665039 0.569759 0.031250 0.036953
0 0.790527 0.587858 0.024414 0.023379
0 0.895508 0.578808 0.027344 0.026395
0 0.873047 0.581448 0.015625 0.018100
0 0.739258 0.588612 0.011719 0.014329
0 0.073242 0.064857 0.015625 0.015083
0 0.106445 0.058069 0.015625 0.015083
0 0.158203 0.069382 0.013672 0.013575
0 0.215332 0.077300 0.012695 0.011312
0 0.073730 0.346908 0.026367 0.027149
0 0.132812 0.355958 0.021484 0.025641
0 0.311523 0.371795 0.015625 0.016591
0 0.286133 0.345777 0.007812 0.008296
0 0.298340 0.351056 0.006836 0.006787
0 0.368652 0.349170 0.010742 0.009050
0 0.339844 0.373303 0.013672 0.012066
0 0.424805 0.371795 0.011719 0.015083
0 0.831055 0.491704 0.021484 0.021116
0 0.830078 0.462670 0.015625 0.012821
0 0.952148 0.493590 0.025391 0.027903
0 0.768555 0.483032 0.013672 0.026395
0 0.396484 0.715309 0.013672 0.018854
0 0.420898 0.710407 0.013672 0.015083
0 0.461914 0.712670 0.013672 0.016591
0 0.250000 0.718326 0.005859 0.005279
0 0.034668 0.917421 0.016602 0.018854
0 0.159668 0.902715 0.010742 0.010558
0 0.137695 0.892157 0.005859 0.006033
0 0.322266 0.877074 0.021484 0.019608
0 0.361328 0.889894 0.019531 0.019608
0 0.413086 0.890271 0.013672 0.012821
0 0.475586 0.884238 0.013672 0.012821
0 0.440430 0.894042 0.009766 0.012821
0 0.466797 0.891026 0.007812 0.008296
0 0.726562 0.812594 0.041016 0.036953
0 0.632324 0.837858 0.030273 0.027149
0 0.660156 0.832956 0.015625 0.015837
0 0.801270 0.829940 0.040039 0.038462
0 0.769531 0.838612 0.015625 0.019608
0 0.905762 0.832202 0.006836 0.012821
0 0.915039 0.837104 0.009766 0.012066
0 0.228516 0.234540 0.011719 0.010558
0 0.257812 0.233409 0.007812 0.009804
0 0.243164 0.228507 0.007812 0.009050
0 0.383301 0.239442 0.012695 0.011312
0 0.403320 0.234163 0.011719 0.011312
0 0.461914 0.251885 0.017578 0.016591
0 0.345215 0.235671 0.008789 0.009804
0 0.274902 0.225867 0.006836 0.008296
0 0.477051 0.247738 0.012695 0.014329
0 0.481445 0.230392 0.009766 0.009804
0 0.492676 0.229261 0.006836 0.007541
0 0.614258 0.594646 0.023438 0.026395
0 0.308594 0.511312 0.009766 0.013575
0 0.359863 0.510181 0.016602 0.015837
0 0.272461 0.510558 0.007812 0.009050
0 0.239258 0.510558 0.007812 0.009050
0 0.429688 0.519985 0.007812 0.008296
0 0.403320 0.521493 0.007812 0.008296
0 0.052246 0.892534 0.004883 0.006787
0 0.329590 0.720211 0.004883 0.006033
0 0.540039 0.712670 0.009766 0.010558
0 0.583496 0.291478 0.004883 0.005279
0 0.544922 0.283183 0.003906 0.008296
0 0.890625 0.267345 0.003906 0.005279
0 0.740723 0.288462 0.004883 0.006787
0 0.762207 0.288462 0.004883 0.008296
0 0.783203 0.284691 0.003906 0.006787
0 0.625977 0.294495 0.003906 0.003771
0 0.631348 0.309955 0.006836 0.006033
0 0.692871 0.205882 0.004883 0.004525
0 0.820801 0.250000 0.004883 0.005279
0 0.524902 0.306938 0.004883 0.006033
0 0.616211 0.297134 0.003906 0.004525
0 0.651367 0.294118 0.005859 0.006033
0 0.644043 0.311840 0.006836 0.005279
0 0.187500 0.364630 0.007812 0.006787
0 0.013184 0.599548 0.008789 0.010558
0 0.582031 0.849170 0.013672 0.012066
