0 0.159668 0.613372 0.018555 0.069767
0 0.819824 0.343023 0.016602 0.034884
0 0.805176 0.334302 0.014648 0.031977
0 0.761230 0.329942 0.018555 0.034884
0 0.708984 0.353198 0.017578 0.040698
0 0.736328 0.335029 0.013672 0.027616
0 0.676758 0.370640 0.017578 0.034884
0 0.630859 0.375727 0.017578 0.036337
0 0.587891 0.380087 0.017578 0.036337
0 0.661621 0.305233 0.012695 0.026163
0 0.679199 0.313953 0.010742 0.023256
0 0.568848 0.367733 0.016602 0.031977
0 0.083008 0.430233 0.015625 0.029070
0 0.070312 0.319767 0.015625 0.026163
0 0.090332 0.296512 0.012695 0.026163
0 0.101074 0.334302 0.012695 0.026163
0 0.264160 0.339390 0.010742 0.024709
0 0.282227 0.322674 0.011719 0.026163
0 0.297852 0.348837 0.015625 0.034884
0 0.320312 0.380087 0.017578 0.045058
0 0.371582 0.369913 0.016602 0.039244
0 0.400391 0.372093 0.019531 0.037791
0 0.460938 0.343023 0.017578 0.043605
0 0.525879 0.380087 0.016602 0.033430
0 0.283691 0.402616 0.022461 0.040698
0 0.236816 0.361192 0.014648 0.036337
0 0.202148 0.377180 0.021484 0.039244
0 0.173828 0.348110 0.021484 0.030523
0 0.314453 0.319041 0.011719 0.021802
0 0.338379 0.339390 0.012695 0.024709
0 0.364746 0.311773 0.010742 0.024709
0 0.391113 0.327035 0.012695 0.029070
0 0.551270 0.337936 0.012695 0.024709
0 0.520508 0.317587 0.013672 0.024709
0 0.485840 0.331395 0.010742 0.020349
0 0.430664 0.345203 0.017578 0.033430
0 0.451660 0.348837 0.016602 0.034884
0 0.328125 0.357558 0.015625 0.034884
0 0.277832 0.303052 0.012695 0.027616
0 0.424316 0.311773 0.008789 0.027616
0 0.581055 0.319041 0.009766 0.024709
0 0.563477 0.327035 0.007812 0.026163
0 0.613770 0.337209 0.012695 0.031977
