0 0.296387 0.210102 0.024414 0.045388
0 0.521973 0.375549 0.034180 0.080527
0 0.720215 0.249634 0.026367 0.065886
0 0.344238 0.381406 0.069336 0.139092
0 0.496582 0.547584 0.084961 0.143485
0 0.796875 0.368960 0.066406 0.146413
0 0.292969 0.489019 0.042969 0.181552
0 0.357910 0.251830 0.053711 0.096633
0 0.662598 0.437042 0.063477 0.133236
0 0.622559 0.239385 0.032227 0.065886
0 0.444336 0.275988 0.042969 0.065886
0 0.462891 0.251098 0.041016 0.077599
0 0.389648 0.209370 0.027344 0.058565
0 0.873535 0.355051 0.045898 0.115666
0 0.939453 0.366764 0.031250 0.068814
0 0.489258 0.375549 0.048828 0.118594
0 0.388672 0.366764 0.046875 0.124451
0 0.503418 0.248902 0.024414 0.061493
0 0.496582 0.181552 0.024414 0.040996
