0 0.140137 0.318359 0.020508 0.029948
0 0.182617 0.316406 0.017578 0.031250
0 0.217773 0.330078 0.015625 0.027344
0 0.258301 0.317057 0.016602 0.027344
0 0.289551 0.305339 0.016602 0.029948
0 0.324707 0.334635 0.014648 0.023438
0 0.342285 0.309245 0.012695 0.022135
0 0.377930 0.324219 0.013672 0.026042
0 0.420410 0.328125 0.012695 0.023438
0 0.445801 0.327474 0.012695 0.022135
0 0.481445 0.345052 0.013672 0.020833
0 0.499023 0.301432 0.015625 0.022135
0 0.503418 0.336589 0.014648 0.019531
0 0.523926 0.320312 0.012695 0.026042
