0 0.487793 0.506770 0.272461 0.758221
0 0.164551 0.302708 0.043945 0.098646
0 0.089355 0.284333 0.024414 0.065764
0 0.035156 0.210832 0.027344 0.065764
0 0.063477 0.170213 0.019531 0.054159
0 0.236816 0.182785 0.036133 0.075435
0 0.012207 0.227273 0.014648 0.067698
0 0.154785 0.066731 0.018555 0.044487
0 0.686523 0.200193 0.166016 0.377176
0 0.885742 0.367505 0.017578 0.038685
0 0.900391 0.428433 0.023438 0.048356
0 0.938477 0.444874 0.035156 0.073501
0 0.935547 0.267892 0.017578 0.048356
0 0.976562 0.278530 0.017578 0.038685
0 0.771484 0.342360 0.017578 0.030948
